epoch,loss,mTA,val_loss,val_mTA
0,0.6145208477973938,0.0,0.48955726623535156,0.0
0,0.5472968220710754,0.0,0.48277348279953003,0.0
0,0.6375531554222107,0.0,0.48963427543640137,0.0
0,0.5543984174728394,0.0,0.482564777135849,0.0
1,0.529580295085907,0.0,0.4736345410346985,0.0
2,0.5113908052444458,0.0,0.4670402705669403,0.0
3,0.49501603841781616,0.0,0.45894402265548706,0.0
4,0.4814310073852539,0.0,0.45209774374961853,0.0
5,0.46824145317077637,0.0,0.44152572751045227,0.0
6,0.457592636346817,0.0,0.4330848455429077,0.0
7,0.4464229643344879,0.0,0.42766863107681274,0.0
8,0.43642520904541016,0.0,0.42707836627960205,0.0
9,0.42636263370513916,0.0,0.4220344126224518,0.0
10,0.41714373230934143,0.0,0.417827308177948,0.0
11,0.408526211977005,0.0,0.4088571071624756,0.0
12,0.39942628145217896,0.0,0.41632747650146484,0.0
13,0.39139434695243835,0.0,0.4265689551830292,0.0
14,0.3839217722415924,0.0,0.41951635479927063,0.0
15,0.37559977173805237,0.0,0.42016494274139404,0.0
16,0.3678082823753357,0.0,0.39023154973983765,0.0
17,0.35999131202697754,0.0,0.37885212898254395,0.0
18,0.35335326194763184,0.0,0.37550416588783264,0.0
19,0.34611573815345764,0.0,0.37519970536231995,0.0
20,0.3394061326980591,0.0,0.37094414234161377,0.0
21,0.33265814185142517,0.0,0.36226555705070496,0.0
22,0.32739439606666565,0.0,0.36059579253196716,0.0
23,0.3203701674938202,0.0,0.34942132234573364,0.0
0,0.3216085731983185,0.0,0.34922417998313904,0.0
1,0.31248989701271057,0.0,0.3462415337562561,0.0
2,0.30534055829048157,0.0,0.3522542417049408,0.0
3,0.2996816635131836,0.0,0.34324634075164795,0.0
0,0.3202464282512665,0.0,0.34788623452186584,0.0
1,0.31209754943847656,0.0,0.34102654457092285,0.0
2,0.3046506941318512,0.0,0.3418392241001129,0.0
3,0.2973208427429199,0.0,0.33484458923339844,0.0
4,0.29167574644088745,0.0,0.33431577682495117,0.0
5,0.28594493865966797,0.0,0.3261762261390686,0.0
6,0.28035300970077515,0.0,0.3122592270374298,0.0
7,0.27419647574424744,0.0,0.32320424914360046,0.0
8,0.2697572112083435,0.0,0.3102767765522003,0.0
9,0.2637140154838562,0.0,0.30056995153427124,0.0
10,0.2588176727294922,0.0,0.30620458722114563,0.0
11,0.2541833221912384,0.0,0.30581995844841003,0.0
12,0.24979741871356964,0.0,0.31440791487693787,0.0
13,0.24500614404678345,0.0,0.30216750502586365,0.0
14,0.24020935595035553,0.0,0.2941685914993286,0.0
15,0.23585139214992523,0.0,0.3090345561504364,0.0
16,0.2312864512205124,0.0,0.2705504596233368,0.0
17,0.22738328576087952,0.0,0.27747297286987305,0.0
18,0.22318342328071594,0.0,0.28589481115341187,0.0
19,0.21928942203521729,0.0,0.2766053378582001,0.0
20,0.21467933058738708,0.0,0.275884747505188,0.0
21,0.21096044778823853,0.0,0.2565397322177887,0.0
22,0.20766101777553558,0.0,0.27242720127105713,0.0
23,0.20425227284431458,0.0,0.23995152115821838,0.0
24,0.20134109258651733,0.0,0.25537481904029846,0.0
25,0.19719171524047852,0.0,0.24588792026042938,0.0
26,0.19538190960884094,0.0,0.23601055145263672,0.0
27,0.19210821390151978,0.0,0.24404564499855042,0.0
28,0.18881741166114807,0.0,0.2464669793844223,0.0
29,0.1865478903055191,0.0,0.23831318318843842,0.0
30,0.18323223292827606,0.0,0.23175357282161713,0.0
31,0.18053659796714783,0.0,0.22322215139865875,0.0
32,0.1779932677745819,0.0,0.22682930529117584,0.0
33,0.17527055740356445,0.0,0.21343275904655457,0.0
34,0.17348895967006683,0.0,0.2252492904663086,0.0
35,0.1707056611776352,0.0,0.2218148410320282,0.0
36,0.1678811013698578,0.0,0.20121246576309204,0.0
37,0.16548681259155273,0.0,0.19151771068572998,0.0
38,0.16305601596832275,0.0,0.22268924117088318,0.0
39,0.16119970381259918,0.0,0.19515979290008545,0.0
40,0.15950460731983185,0.0,0.18471787869930267,0.0
41,0.1571846902370453,0.0,0.18553070724010468,0.0
42,0.1551576405763626,0.0,0.1797470897436142,0.0
43,0.15351448953151703,0.0,0.19856789708137512,0.0
44,0.15159030258655548,0.0,0.189139261841774,0.0
45,0.1499841958284378,0.0,0.17450232803821564,0.0
46,0.14778245985507965,0.0,0.1737595498561859,0.0
47,0.14667627215385437,0.0,0.18058758974075317,0.0
48,0.14534993469715118,0.0,0.17278218269348145,0.0
49,0.14356648921966553,0.0,0.17120230197906494,0.0
50,0.14223413169384003,0.0,0.16395136713981628,0.0
51,0.14051009714603424,0.0,0.1679520606994629,0.0
52,0.1393151879310608,0.0,0.15958592295646667,0.0
53,0.13749592006206512,0.0,0.1463133692741394,0.0
54,0.13657791912555695,0.0,0.15239064395427704,0.0
55,0.13481128215789795,0.0,0.1622062623500824,0.0
56,0.1339097023010254,0.0,0.1545947790145874,0.0
57,0.13235393166542053,0.0,0.14103244245052338,0.0
58,0.13203443586826324,0.0,0.1455739438533783,0.0
59,0.13049793243408203,0.0,0.1464194357395172,0.0
60,0.12925714254379272,0.0,0.15523536503314972,0.0
61,0.1276632398366928,0.0,0.14543560147285461,0.0
62,0.12723597884178162,0.0,0.14280828833580017,0.0
63,0.12592053413391113,0.0,0.14377431571483612,0.0
64,0.12527316808700562,0.0,0.1439346820116043,0.0
65,0.1238519623875618,0.0,0.1372925341129303,0.0
66,0.12316669523715973,0.0,0.13930416107177734,0.0
67,0.12238990515470505,0.0,0.13733582198619843,0.0
68,0.12142041325569153,0.0,0.13414818048477173,0.0
69,0.12014488875865936,0.0,0.15433040261268616,0.0
70,0.1190199926495552,0.0,0.12231870740652084,0.0
71,0.11848349869251251,0.0,0.12665505707263947,0.0
72,0.11751997470855713,0.0,0.1283753514289856,0.0
73,0.11671226471662521,0.0,0.11788265407085419,0.0
74,0.11631295084953308,0.0,0.1353520303964615,0.0
75,0.1145947054028511,0.0,0.12263721227645874,0.0
76,0.11442381143569946,0.0,0.12469058483839035,0.0
77,0.113192617893219,0.0,0.12541335821151733,0.0
78,0.11282651126384735,0.0,0.12300024181604385,0.0
79,0.11212059110403061,0.0,0.1218378096818924,0.0
80,0.1114124283194542,0.0,0.11374207586050034,0.0
81,0.1102512776851654,0.0,0.11329199373722076,0.0
82,0.10984461009502411,0.0,0.12557262182235718,0.0
83,0.10907906293869019,0.0,0.12431100755929947,0.0
84,0.10847470164299011,0.0,0.12766723334789276,0.0
85,0.1076066866517067,0.0,0.1252434104681015,0.0
86,0.10690980404615402,0.0,0.11727974563837051,0.0
87,0.10648874938488007,0.0,0.11708121001720428,0.0
88,0.1057659313082695,0.0,0.11720167845487595,0.0
0,0.111216239631176,0.0,0.14191260933876038,0.0
1,0.11025027185678482,0.0,0.14245076477527618,0.0
2,0.10980155318975449,0.0,0.1373029202222824,0.0
3,0.10890425741672516,0.0,0.11861547827720642,0.0
4,0.10781180113554001,0.0,0.1358804553747177,0.0
5,0.10758059471845627,0.0,0.12987324595451355,0.0
6,0.1065867692232132,0.0,0.13407640159130096,0.0
7,0.10616407543420792,0.0,0.13204224407672882,0.0
8,0.10499773919582367,0.0,0.12113130837678909,0.0
9,0.10480739176273346,0.0,0.12391266971826553,0.0
10,0.10441549122333527,0.0,0.1158844381570816,0.0
11,0.10358402878046036,0.0,0.12589074671268463,0.0
12,0.10308653116226196,0.0,0.10966067761182785,0.0
13,0.10252047330141068,0.0,0.12022120505571365,0.0
14,0.10175152868032455,0.0,0.11201342195272446,0.0
15,0.10145358741283417,0.0,0.1116977259516716,0.0
16,0.10081373900175095,0.0,0.11620927602052689,0.0
0,0.10178712755441666,0.0,0.11564870178699493,0.0
1,0.10114987939596176,0.0,0.11229822784662247,0.0
2,0.10116880387067795,0.0,0.11659492552280426,0.0
3,0.10006365925073624,0.0,0.11398357897996902,0.0
4,0.09949462860822678,0.0,0.11674516648054123,0.0
5,0.09910722076892853,0.0,0.11675897240638733,0.0
6,0.09896235913038254,0.0,0.1118321493268013,0.0
7,0.09819068759679794,0.0,0.1064758449792862,0.0
8,0.09735284000635147,0.0,0.10714580863714218,0.0
9,0.09726827591657639,0.0,0.10994771867990494,0.0
10,0.09649030864238739,0.0,0.1078220084309578,0.0
11,0.09618895500898361,0.0,0.10077251493930817,0.0
12,0.09588991105556488,0.0,0.1080680564045906,0.0
13,0.09487485140562057,0.0,0.10997886210680008,0.0
14,0.09467779099941254,0.0,0.10399527102708817,0.0
0,0.0967957004904747,0.0,0.0980803519487381,0.0
1,0.09629170596599579,0.0,0.09566421806812286,0.0
2,0.09589911252260208,0.0,0.09526548534631729,0.0
3,0.09511804580688477,0.0,0.10890714079141617,0.0
4,0.09524756669998169,0.0,0.09419584274291992,0.0
5,0.09439606219530106,0.0,0.09745628386735916,0.0
6,0.09375236183404922,0.0,0.09523849934339523,0.0
7,0.09324910491704941,0.0,0.09916835278272629,0.0
8,0.09311994165182114,0.0,0.09749060124158859,0.0
9,0.09306030720472336,0.0,0.09180005639791489,0.0
10,0.09212399274110794,0.0,0.09523479640483856,0.0
11,0.09167668968439102,0.0,0.10230060666799545,0.0
12,0.09163253754377365,0.0,0.09804994612932205,0.0
13,0.09158506244421005,0.0,0.09205415099859238,0.0
14,0.09117507934570312,0.0,0.08870243281126022,0.0
15,0.09063320606946945,0.0,0.09619691967964172,0.0
16,0.09022455662488937,0.0,0.09803532809019089,0.0
17,0.08989019691944122,0.0,0.09254994988441467,0.0
18,0.08951957523822784,0.0,0.08936600387096405,0.0
19,0.08911677449941635,0.0,0.09488272666931152,0.0
20,0.08872494101524353,0.0,0.0926254540681839,0.0
21,0.08865590393543243,0.0,0.08664622157812119,0.0
22,0.08829880505800247,0.0,0.08524949103593826,0.0
23,0.08802895992994308,0.0,0.08619081228971481,0.0
24,0.08778593689203262,0.0,0.08826839923858643,0.0
25,0.08736903965473175,0.0,0.09755051136016846,0.0
26,0.08702874183654785,0.0,0.08989446610212326,0.0
27,0.08674689382314682,0.0,0.08418264240026474,0.0
0,0.08631449192762375,0.0,0.09045390039682388,0.0
1,0.08598709106445312,0.0,0.09511706978082657,0.0
2,0.08574604988098145,0.0,0.09701289981603622,0.0
3,0.08548896014690399,0.0,0.09310304373502731,0.0
4,0.08514755964279175,0.0,0.09884818643331528,0.0
5,0.08493322879076004,0.0,0.09815702587366104,0.0
6,0.08486830443143845,0.0,0.09389688074588776,0.0
7,0.08455762267112732,0.0,0.09738760441541672,0.0
8,0.08397111296653748,0.0,0.09533942490816116,0.0
9,0.08376382291316986,0.0,0.09290789812803268,0.0
10,0.08343151211738586,0.0,0.09970957785844803,0.0
11,0.08312278985977173,0.0,0.09090429544448853,0.0
12,0.08239593356847763,0.0,0.09527827054262161,0.0
13,0.08300305157899857,0.0,0.09208138287067413,0.0
14,0.08233493566513062,0.0,0.08954004943370819,0.0
15,0.08245790004730225,0.0,0.09090517461299896,0.0
16,0.08176745474338531,0.0,0.0894804522395134,0.0
17,0.08183067291975021,0.0,0.09402251988649368,0.0
18,0.08152184635400772,0.0,0.08683233708143234,0.0
19,0.08183058351278305,0.0,0.09158527106046677,0.0
20,0.08120439201593399,0.0,0.09412114322185516,0.0
21,0.08076655864715576,0.0,0.08822537958621979,0.0
22,0.0807243138551712,0.0,0.0937737450003624,0.0
23,0.08097072690725327,0.0,0.08940289169549942,0.0
24,0.08062824606895447,0.0,0.08711787313222885,0.0
25,0.07988202571868896,0.0,0.08986234664916992,0.0
26,0.07991352677345276,0.0,0.09230668097734451,0.0
0,0.08141209185123444,0.0,0.08341879397630692,0.0
0,0.08102969825267792,0.0,0.09376665204763412,0.0
1,0.08050350844860077,0.0,0.09025069326162338,0.0
2,0.0807042345404625,0.0,0.0884198471903801,0.0
3,0.0806889757514,0.0,0.09403073787689209,0.0
4,0.08049922436475754,0.0,0.08809060603380203,0.0
5,0.0798199325799942,0.0,0.08539406210184097,0.0
6,0.07992900907993317,0.0,0.09276135265827179,0.0
7,0.07959380000829697,0.0,0.08150406181812286,0.0
8,0.07921721041202545,0.0,0.09011293202638626,0.0
9,0.07894200831651688,0.0,0.0822252556681633,0.0
10,0.07863809913396835,0.0,0.08994705975055695,0.0
11,0.07902008295059204,0.0,0.08578947931528091,0.0
12,0.0783512219786644,0.0,0.09114937484264374,0.0
13,0.07848097383975983,0.0,0.09419777989387512,0.0
14,0.07828093320131302,0.0,0.09250343590974808,0.0
15,0.07816915214061737,0.0,0.08509684354066849,0.0
16,0.07789698988199234,0.0,0.0887085497379303,0.0
0,0.08013639599084854,0.0,0.08780837059020996,0.0
1,0.080510713160038,0.0,0.08586760610342026,0.0
2,0.07978864014148712,0.0,0.0792161226272583,0.0
3,0.07969816774129868,0.0,0.08436770737171173,0.0
4,0.07931489497423172,0.0,0.08638574182987213,0.0
5,0.07924696803092957,0.0,0.08971782773733139,0.0
6,0.07881200313568115,0.0,0.08636247366666794,0.0
0,0.07821112126111984,0.0,0.08495600521564484,0.0
1,0.07830396294593811,0.0,0.08415822684764862,0.0
2,0.07805635035037994,0.0,0.08464318513870239,0.0
3,0.07803918421268463,0.0,0.08480191230773926,0.0
4,0.07823467999696732,0.0,0.0852103903889656,0.0
5,0.07794403284788132,0.0,0.08590225130319595,0.0
6,0.07792944461107254,0.0,0.08384302258491516,0.0
7,0.07782696932554245,0.0,0.08301229029893875,0.0
8,0.07804562151432037,0.0,0.08545070886611938,0.0
9,0.07794558256864548,0.0,0.08452600240707397,0.0
10,0.0778217688202858,0.0,0.08612356334924698,0.0
11,0.07797318696975708,0.0,0.0862756222486496,0.0
12,0.07740307599306107,0.0,0.08363106846809387,0.0
13,0.07778102159500122,0.0,0.08532308787107468,0.0
14,0.07765301316976547,0.0,0.0837586298584938,0.0
15,0.07758550345897675,0.0,0.08712238818407059,0.0
16,0.07765719294548035,0.0,0.0842384472489357,0.0
17,0.07750418037176132,0.0,0.08335471153259277,0.0
18,0.07748335599899292,0.0,0.08547089993953705,0.0
19,0.07763990759849548,0.0,0.08282376825809479,0.0
20,0.0774741917848587,0.0,0.08535873144865036,0.0
21,0.07738404721021652,0.0,0.08717107027769089,0.0
22,0.07772770524024963,0.0,0.08484271913766861,0.0
23,0.07756306231021881,0.0,0.08419565856456757,0.0
24,0.07743192464113235,0.0,0.08433061093091965,0.0
25,0.07744669169187546,0.0,0.0852838084101677,0.0
26,0.07735367864370346,0.0,0.08598043024539948,0.0
27,0.0772082731127739,0.0,0.08530441671609879,0.0
28,0.07734694331884384,0.0,0.08524216711521149,0.0
29,0.07727857679128647,0.0,0.08599096536636353,0.0
30,0.07739051431417465,0.0,0.08556407690048218,0.0
31,0.07714883238077164,0.0,0.08347248286008835,0.0
32,0.07730764150619507,0.0,0.08471653610467911,0.0
33,0.07710982114076614,0.0,0.08454081416130066,0.0
34,0.07732757180929184,0.0,0.08410599827766418,0.0
35,0.07688216865062714,0.0,0.08497195690870285,0.0
36,0.07702364027500153,0.0,0.08456426858901978,0.0
37,0.07706548273563385,0.0,0.08650420606136322,0.0
38,0.07694346457719803,0.0,0.08481793105602264,0.0
39,0.07723814249038696,0.0,0.08312757313251495,0.0
40,0.07705995440483093,0.0,0.08563721179962158,0.0
41,0.0770813599228859,0.0,0.08464936912059784,0.0
42,0.07694628089666367,0.0,0.0863959789276123,0.0
43,0.07692883908748627,0.0,0.08417967706918716,0.0
44,0.07671698182821274,0.0,0.0846719965338707,0.0
45,0.07672713696956635,0.0,0.08474061638116837,0.0
46,0.07660772651433945,0.0,0.08404338359832764,0.0
47,0.07687575370073318,0.0,0.08744065463542938,0.0
48,0.07654722034931183,0.0,0.0848582535982132,0.0
49,0.07685312628746033,0.0,0.08472083508968353,0.0
50,0.07683377712965012,0.0,0.08141282945871353,0.0
51,0.07675529271364212,0.0,0.08493682742118835,0.0
52,0.07653734087944031,0.0,0.08508049696683884,0.0
53,0.07660181075334549,0.0,0.08425454795360565,0.0
54,0.07687681168317795,0.0,0.08309922367334366,0.0
55,0.07641390711069107,0.0,0.08615049719810486,0.0
56,0.07657303661108017,0.0,0.08522393554449081,0.0
57,0.07679145783185959,0.0,0.0825076475739479,0.0
58,0.07643965631723404,0.0,0.08408571779727936,0.0
59,0.0763225331902504,0.0,0.08487945050001144,0.0
60,0.07639900594949722,0.0,0.08328035473823547,0.0
61,0.07638494670391083,0.0,0.08384884893894196,0.0
62,0.0763469710946083,0.0,0.08394426107406616,0.0
63,0.07632898539304733,0.0,0.08358366042375565,0.0
64,0.0761759951710701,0.0,0.0834951400756836,0.0
65,0.0763193890452385,0.0,0.08382570743560791,0.0
66,0.07618682086467743,0.0,0.08417399972677231,0.0
67,0.07633637636899948,0.0,0.08472234755754471,0.0
68,0.07626796513795853,0.0,0.08571122586727142,0.0
69,0.07622241973876953,0.0,0.0855303406715393,0.0
70,0.07622850686311722,0.0,0.08324138820171356,0.0
71,0.07608336955308914,0.0,0.08398523181676865,0.0
72,0.0761399120092392,0.0,0.08271785080432892,0.0
73,0.0761965736746788,0.0,0.0831848531961441,0.0
74,0.0760934054851532,0.0,0.08284467458724976,0.0
75,0.0760275349020958,0.0,0.08434499055147171,0.0
76,0.07586198300123215,0.0,0.0832965299487114,0.0
77,0.07586266845464706,0.0,0.08505823463201523,0.0
78,0.07609060406684875,0.0,0.08597316592931747,0.0
79,0.07609845697879791,0.0,0.08413971215486526,0.0
80,0.07601004838943481,0.0,0.08380817621946335,0.0
81,0.07569795101881027,0.0,0.0866873636841774,0.0
82,0.07585865259170532,0.0,0.08164730668067932,0.0
83,0.07571722567081451,0.0,0.08353477716445923,0.0
84,0.07596929371356964,0.0,0.08231949061155319,0.0
85,0.07572786509990692,0.0,0.08516282588243484,0.0
86,0.07571029663085938,0.0,0.08209391683340073,0.0
87,0.07583891600370407,0.0,0.08351505547761917,0.0
88,0.07575736194849014,0.0,0.08418530225753784,0.0
89,0.07562108337879181,0.0,0.08359997719526291,0.0
90,0.0754629448056221,0.0,0.0823742002248764,0.0
91,0.07570572197437286,0.0,0.08188028633594513,0.0
92,0.0758189931511879,0.0,0.08557779341936111,0.0
93,0.07572466135025024,0.0,0.08430430293083191,0.0
94,0.07565265148878098,0.0,0.08334264904260635,0.0
95,0.0755339041352272,0.0,0.0834909975528717,0.0
96,0.07572408020496368,0.0,0.08318621665239334,0.0
97,0.07568573951721191,0.0,0.08471610397100449,0.0
98,0.07546290010213852,0.0,0.082276850938797,0.0
99,0.07534010708332062,0.0,0.08407066762447357,0.0
100,0.07554825395345688,0.0,0.0815657377243042,0.0
101,0.07576357573270798,0.0,0.0832471176981926,0.0
102,0.07528901100158691,0.0,0.08338621258735657,0.0
103,0.07537320256233215,0.0,0.08354896306991577,0.0
0,0.07631625235080719,0.0,0.08553413301706314,0.0
1,0.07641235738992691,0.0,0.08404381573200226,0.0
2,0.07609383761882782,0.0,0.08418870717287064,0.0
3,0.0761859118938446,0.0,0.083366259932518,0.0
4,0.07599373161792755,0.0,0.08368626981973648,0.0
5,0.0759834498167038,0.0,0.08582060784101486,0.0
6,0.07597686350345612,0.0,0.08513598889112473,0.0
7,0.07612389326095581,0.0,0.08478651195764542,0.0
8,0.07627158612012863,0.0,0.08499505370855331,0.0
9,0.07605043798685074,0.0,0.08413023501634598,0.0
10,0.07595828920602798,0.0,0.08320613950490952,0.0
11,0.07609674334526062,0.0,0.08733729273080826,0.0
12,0.07615213841199875,0.0,0.08370979875326157,0.0
13,0.07593227922916412,0.0,0.08433683961629868,0.0
14,0.07599098980426788,0.0,0.08432785421609879,0.0
15,0.07559346407651901,0.0,0.08403939008712769,0.0
16,0.07606697082519531,0.0,0.08766181766986847,0.0
17,0.07580406963825226,0.0,0.08411899954080582,0.0
18,0.07590126991271973,0.0,0.08761606365442276,0.0
19,0.07568023353815079,0.0,0.08178852498531342,0.0
20,0.07573705166578293,0.0,0.08418265730142593,0.0
21,0.07576725631952286,0.0,0.0841485783457756,0.0
22,0.07582848519086838,0.0,0.08108551800251007,0.0
23,0.07561630755662918,0.0,0.08457934111356735,0.0
24,0.07564342767000198,0.0,0.08591557294130325,0.0
25,0.07560155540704727,0.0,0.08356291800737381,0.0
26,0.0754653811454773,0.0,0.08611894398927689,0.0
27,0.0755809023976326,0.0,0.08418799936771393,0.0
28,0.07535205036401749,0.0,0.08269889652729034,0.0
29,0.0753246396780014,0.0,0.08467058092355728,0.0
30,0.07541318237781525,0.0,0.08591701090335846,0.0
31,0.07530738413333893,0.0,0.08223515003919601,0.0
32,0.07528131455183029,0.0,0.08430685847997665,0.0
33,0.07520401477813721,0.0,0.08472882956266403,0.0
34,0.07549284398555756,0.0,0.08407022058963776,0.0
35,0.0754239410161972,0.0,0.08617031574249268,0.0
36,0.07551971822977066,0.0,0.0826311856508255,0.0
37,0.07524420320987701,0.0,0.08462097495794296,0.0
38,0.07531324774026871,0.0,0.08431291580200195,0.0
39,0.07542167603969574,0.0,0.082930788397789,0.0
40,0.0754745751619339,0.0,0.0821772888302803,0.0
41,0.07524887472391129,0.0,0.084908626973629,0.0
42,0.07510260492563248,0.0,0.08600663393735886,0.0
43,0.07513563334941864,0.0,0.08609935641288757,0.0
44,0.07522913068532944,0.0,0.08343611657619476,0.0
45,0.07501225173473358,0.0,0.08456113934516907,0.0
46,0.07504072040319443,0.0,0.08344153314828873,0.0
47,0.07509835064411163,0.0,0.08166918903589249,0.0
48,0.07493633031845093,0.0,0.08235055208206177,0.0
49,0.0751374214887619,0.0,0.08141299337148666,0.0
50,0.0749867632985115,0.0,0.08338571339845657,0.0
51,0.07488075643777847,0.0,0.08393780142068863,0.0
52,0.07499293237924576,0.0,0.08310497552156448,0.0
53,0.07503829896450043,0.0,0.08331206440925598,0.0
54,0.07510580867528915,0.0,0.08511322736740112,0.0
55,0.07505970448255539,0.0,0.08354642987251282,0.0
56,0.0747968778014183,0.0,0.0874568447470665,0.0
57,0.07491891831159592,0.0,0.08292587101459503,0.0
58,0.07467152178287506,0.0,0.0847584456205368,0.0
59,0.07494866102933884,0.0,0.08358947932720184,0.0
60,0.07475175708532333,0.0,0.08413216471672058,0.0
61,0.07476335763931274,0.0,0.08354740589857101,0.0
62,0.07450898736715317,0.0,0.08528859913349152,0.0
63,0.07461214065551758,0.0,0.08491673320531845,0.0
64,0.0747019499540329,0.0,0.08204229921102524,0.0
65,0.0744674950838089,0.0,0.08374115079641342,0.0
66,0.07467301934957504,0.0,0.08363524824380875,0.0
67,0.07458897680044174,0.0,0.08244217187166214,0.0
68,0.07440707087516785,0.0,0.0843835100531578,0.0
69,0.07445593178272247,0.0,0.08447406440973282,0.0
70,0.07456015050411224,0.0,0.08340485394001007,0.0
71,0.07456184923648834,0.0,0.08487486094236374,0.0
72,0.07445711642503738,0.0,0.08409132063388824,0.0
73,0.07451216131448746,0.0,0.08510710299015045,0.0
74,0.07440442591905594,0.0,0.08179118484258652,0.0
75,0.07449078559875488,0.0,0.08456438034772873,0.0
76,0.07435672730207443,0.0,0.08274517208337784,0.0
77,0.0743231400847435,0.0,0.08228876441717148,0.0
78,0.0743221789598465,0.0,0.08428347855806351,0.0
79,0.07443047314882278,0.0,0.08330324292182922,0.0
80,0.07431300729513168,0.0,0.08449555188417435,0.0
81,0.07417050004005432,0.0,0.0811731144785881,0.0
82,0.07432882487773895,0.0,0.08447013795375824,0.0
83,0.0742388665676117,0.0,0.08393674343824387,0.0
84,0.07431109249591827,0.0,0.08363419771194458,0.0
85,0.07424528896808624,0.0,0.08344189822673798,0.0
86,0.07419861853122711,0.0,0.08323986828327179,0.0
87,0.0742153599858284,0.0,0.08207917958498001,0.0
88,0.07419523596763611,0.0,0.08321429789066315,0.0
89,0.0742294117808342,0.0,0.08282217383384705,0.0
90,0.07395865768194199,0.0,0.08278641104698181,0.0
91,0.07408115267753601,0.0,0.0850973129272461,0.0
92,0.07408864051103592,0.0,0.08189413696527481,0.0
93,0.07410910725593567,0.0,0.081902876496315,0.0
94,0.07393954694271088,0.0,0.08415471017360687,0.0
95,0.0742124691605568,0.0,0.08320585638284683,0.0
96,0.07394269853830338,0.0,0.08471056073904037,0.0
97,0.07408462464809418,0.0,0.0816458985209465,0.0
98,0.07381649315357208,0.0,0.08316676318645477,0.0
99,0.07380692660808563,0.0,0.0830579474568367,0.0
100,0.07391143590211868,0.0,0.08292093127965927,0.0
101,0.07392443716526031,0.0,0.08547402173280716,0.0
102,0.07381127774715424,0.0,0.08253810554742813,0.0
0,0.07555042207241058,0.0,0.08454516530036926,0.0
1,0.07547159492969513,0.0,0.08478078991174698,0.0
2,0.07549304515123367,0.0,0.08467355370521545,0.0
3,0.07540962845087051,0.0,0.08497363328933716,0.0
4,0.07534196972846985,0.0,0.08470453321933746,0.0
5,0.07554778456687927,0.0,0.08398564904928207,0.0
6,0.07557746022939682,0.0,0.08384527266025543,0.0
7,0.07544691115617752,0.0,0.08491000533103943,0.0
8,0.07529760152101517,0.0,0.08500645309686661,0.0
9,0.0751970037817955,0.0,0.08375490456819534,0.0
10,0.07546540349721909,0.0,0.08348283916711807,0.0
11,0.07530324161052704,0.0,0.08404204249382019,0.0
12,0.07541939616203308,0.0,0.08524419367313385,0.0
13,0.07540716230869293,0.0,0.08458203077316284,0.0
14,0.07541746646165848,0.0,0.08518824726343155,0.0
15,0.07557657361030579,0.0,0.08430065214633942,0.0
16,0.07528418302536011,0.0,0.08499626070261002,0.0
17,0.07548996061086655,0.0,0.08473745733499527,0.0
18,0.07513629645109177,0.0,0.08477459847927094,0.0
0,0.07601810991764069,0.0,0.08409000933170319,0.0
1,0.0761399045586586,0.0,0.08428874611854553,0.0
2,0.07601190358400345,0.0,0.08446134626865387,0.0
3,0.07594005018472672,0.0,0.08442170917987823,0.0
4,0.07628341764211655,0.0,0.08434136211872101,0.0
5,0.07598811388015747,0.0,0.08470664173364639,0.0
6,0.07602043449878693,0.0,0.08470133692026138,0.0
7,0.07589787244796753,0.0,0.08461339771747589,0.0
8,0.0760740265250206,0.0,0.08444948494434357,0.0
9,0.07608240097761154,0.0,0.08451606333255768,0.0
10,0.076106496155262,0.0,0.08465959876775742,0.0
11,0.07601934671401978,0.0,0.08454744517803192,0.0
12,0.07614122331142426,0.0,0.08449854701757431,0.0
13,0.07600051909685135,0.0,0.08465202897787094,0.0
14,0.07572545111179352,0.0,0.0843881219625473,0.0
15,0.07603611797094345,0.0,0.08423974364995956,0.0
16,0.07606145739555359,0.0,0.08448836207389832,0.0
17,0.0759994387626648,0.0,0.08459131419658661,0.0
18,0.07587222009897232,0.0,0.08467637747526169,0.0
19,0.07620837539434433,0.0,0.08454125374555588,0.0
20,0.07620622217655182,0.0,0.08450490236282349,0.0
21,0.0757841095328331,0.0,0.08453456312417984,0.0
22,0.07595514506101608,0.0,0.08454471081495285,0.0
23,0.07600360363721848,0.0,0.08434376120567322,0.0
24,0.07599426060914993,0.0,0.08453527092933655,0.0
25,0.07604019343852997,0.0,0.0845826268196106,0.0
26,0.07601490616798401,0.0,0.08449938148260117,0.0
27,0.07602815330028534,0.0,0.08444856852293015,0.0
28,0.07590743154287338,0.0,0.08449750393629074,0.0
29,0.07597622275352478,0.0,0.08461487293243408,0.0
30,0.07610476016998291,0.0,0.08455580472946167,0.0
31,0.0758880078792572,0.0,0.08459160476922989,0.0
32,0.0758206695318222,0.0,0.08457643538713455,0.0
33,0.0759669616818428,0.0,0.08453281223773956,0.0
34,0.07596373558044434,0.0,0.0843845009803772,0.0
35,0.0758993849158287,0.0,0.08460675179958344,0.0
36,0.07589850574731827,0.0,0.08454689383506775,0.0
37,0.07620632648468018,0.0,0.08452660590410233,0.0
38,0.07590629160404205,0.0,0.08463842421770096,0.0
39,0.0758998841047287,0.0,0.08437682688236237,0.0
40,0.07587633281946182,0.0,0.08452341705560684,0.0
41,0.07616107165813446,0.0,0.08457529544830322,0.0
42,0.07594117522239685,0.0,0.08467988669872284,0.0
43,0.07622270286083221,0.0,0.0844133198261261,0.0
44,0.07598764449357986,0.0,0.08435475081205368,0.0
45,0.07604752480983734,0.0,0.08441860228776932,0.0
46,0.07607368379831314,0.0,0.08444187790155411,0.0
47,0.07602642476558685,0.0,0.08461589366197586,0.0
48,0.07598333060741425,0.0,0.08432970941066742,0.0
49,0.07604055851697922,0.0,0.08454086631536484,0.0
50,0.07595890760421753,0.0,0.08441360294818878,0.0
51,0.07603594660758972,0.0,0.08445356786251068,0.0
52,0.07600590586662292,0.0,0.08449646085500717,0.0
53,0.07597518712282181,0.0,0.084646075963974,0.0
54,0.07561304420232773,0.0,0.08441337943077087,0.0
55,0.07590140402317047,0.0,0.08465661108493805,0.0
56,0.0758805200457573,0.0,0.08452513813972473,0.0
57,0.07590983808040619,0.0,0.08437129110097885,0.0
58,0.07578583061695099,0.0,0.08459335565567017,0.0
59,0.07603224366903305,0.0,0.08450815826654434,0.0
60,0.07612024992704391,0.0,0.08449948579072952,0.0
61,0.07578590512275696,0.0,0.08434595912694931,0.0
62,0.07595616579055786,0.0,0.08446355909109116,0.0
63,0.07614516466856003,0.0,0.08454358577728271,0.0
64,0.07603573054075241,0.0,0.08450528979301453,0.0
65,0.07607817649841309,0.0,0.0845295637845993,0.0
66,0.07603203505277634,0.0,0.08456561714410782,0.0
67,0.07588702440261841,0.0,0.08464286476373672,0.0
68,0.07586947083473206,0.0,0.08469992876052856,0.0
69,0.07592234015464783,0.0,0.08460667729377747,0.0
70,0.07616016268730164,0.0,0.08457978814840317,0.0
71,0.07595109194517136,0.0,0.08445019274950027,0.0
72,0.0760456770658493,0.0,0.08447755128145218,0.0
73,0.07602699100971222,0.0,0.08448906987905502,0.0
74,0.07601790875196457,0.0,0.08443783223628998,0.0
75,0.07617469877004623,0.0,0.08441781997680664,0.0
76,0.0759972333908081,0.0,0.08452686667442322,0.0
77,0.07598567008972168,0.0,0.08460826426744461,0.0
78,0.07600578665733337,0.0,0.0844707190990448,0.0
79,0.07606615871191025,0.0,0.08456461131572723,0.0
80,0.07602296024560928,0.0,0.08445780724287033,0.0
81,0.07591351866722107,0.0,0.08447585254907608,0.0
82,0.0760156512260437,0.0,0.08447211235761642,0.0
83,0.07592998445034027,0.0,0.08447609096765518,0.0
84,0.07592602074146271,0.0,0.08449632674455643,0.0
85,0.07585593312978745,0.0,0.08466029912233353,0.0
86,0.07596433907747269,0.0,0.08451180160045624,0.0
0,0.04947340860962868,0.0,0.04758632928133011,0.0
1,0.0466114841401577,0.0,0.04688921943306923,0.0
2,0.044811055064201355,0.0,0.04695345088839531,0.0
3,0.043713249266147614,0.0,0.04716331884264946,0.0
4,0.04306212440133095,0.0,0.04705636575818062,0.0
5,0.04260900989174843,0.0,0.04674277454614639,0.0
6,0.042123258113861084,0.0,0.04628850519657135,0.0
7,0.04194212704896927,0.0,0.04572929069399834,0.0
8,0.04173751920461655,0.0,0.045325811952352524,0.0
9,0.041496943682432175,0.0,0.04485336318612099,0.0
10,0.04143732041120529,0.0,0.04450666904449463,0.0
11,0.04122842848300934,0.0,0.044301848858594894,0.0
12,0.04105739668011665,0.0,0.04405829310417175,0.0
13,0.0411534421145916,0.0,0.04385381191968918,0.0
0,0.040968671441078186,0.0,0.0436851866543293,0.0
1,0.0408962182700634,0.0,0.04359759762883186,0.0
2,0.040710363537073135,0.0,0.04340934380888939,0.0
3,0.040954820811748505,0.0,0.04324527457356453,0.0
4,0.04059555009007454,0.0,0.04325062409043312,0.0
5,0.04060636833310127,0.0,0.04319581761956215,0.0
6,0.040632519870996475,0.0,0.04312368854880333,0.0
7,0.04064038768410683,0.0,0.04310984909534454,0.0
8,0.040440209209918976,0.0,0.04304565489292145,0.0
9,0.04040725156664848,0.0,0.04297823831439018,0.0
10,0.04039408266544342,0.0,0.04298888146877289,0.0
11,0.040335748344659805,0.0,0.04295836389064789,0.0
12,0.0402543880045414,0.0,0.04297270625829697,0.0
13,0.04030296951532364,0.0,0.04295070469379425,0.0
14,0.040239542722702026,0.0,0.042882487177848816,0.0
15,0.040133461356163025,0.0,0.04286816716194153,0.0
16,0.0401315838098526,0.0,0.042813315987586975,0.0
17,0.040271442383527756,0.0,0.042810097336769104,0.0
18,0.04002482071518898,0.0,0.042791012674570084,0.0
19,0.040027912706136703,0.0,0.042839109897613525,0.0
20,0.04003901779651642,0.0,0.04288122057914734,0.0
21,0.040050704032182693,0.0,0.04283435642719269,0.0
22,0.03998076543211937,0.0,0.04272918403148651,0.0
23,0.04003484547138214,0.0,0.04275235906243324,0.0
24,0.03991100564599037,0.0,0.04278507083654404,0.0
25,0.039970289915800095,0.0,0.04285310208797455,0.0
26,0.03989448398351669,0.0,0.04282453656196594,0.0
27,0.03984050825238228,0.0,0.042796939611434937,0.0
28,0.03984304517507553,0.0,0.042750194668769836,0.0
29,0.039865124970674515,0.0,0.042813025414943695,0.0
30,0.039816372096538544,0.0,0.04270130395889282,0.0
31,0.03979666158556938,0.0,0.04270193353295326,0.0
32,0.03971708565950394,0.0,0.04269785434007645,0.0
33,0.03970986232161522,0.0,0.04268517717719078,0.0
34,0.03981071710586548,0.0,0.04277185723185539,0.0
35,0.03995654731988907,0.0,0.04282670095562935,0.0
36,0.03962105140089989,0.0,0.042816951870918274,0.0
37,0.0396740548312664,0.0,0.04287487268447876,0.0
38,0.03964236006140709,0.0,0.042868804186582565,0.0
39,0.0396106094121933,0.0,0.04279141500592232,0.0
40,0.03971117362380028,0.0,0.04274243116378784,0.0
41,0.03964903578162193,0.0,0.04274357482790947,0.0
42,0.039674580097198486,0.0,0.04276395961642265,0.0
43,0.03961515054106712,0.0,0.04277382418513298,0.0
44,0.0395321249961853,0.0,0.04269694536924362,0.0
45,0.0396568663418293,0.0,0.04274817183613777,0.0
46,0.039576973766088486,0.0,0.04277004301548004,0.0
47,0.03953898325562477,0.0,0.04266970604658127,0.0
48,0.039472389966249466,0.0,0.042749468237161636,0.0
49,0.03951700031757355,0.0,0.04274853691458702,0.0
50,0.03957323729991913,0.0,0.042716413736343384,0.0
51,0.03952236473560333,0.0,0.042704351246356964,0.0
52,0.03956599533557892,0.0,0.04272313788533211,0.0
53,0.03964041545987129,0.0,0.042786404490470886,0.0
54,0.039467703551054,0.0,0.04279099032282829,0.0
55,0.03944578394293785,0.0,0.04278728365898132,0.0
56,0.03938877955079079,0.0,0.04275339096784592,0.0
57,0.039547938853502274,0.0,0.04273451119661331,0.0
58,0.03945180028676987,0.0,0.04273087531328201,0.0
59,0.039522960782051086,0.0,0.04279607534408569,0.0
60,0.039444439113140106,0.0,0.04277054965496063,0.0
61,0.039520539343357086,0.0,0.04284057393670082,0.0
62,0.039428479969501495,0.0,0.04277808964252472,0.0
63,0.03945674002170563,0.0,0.04270898550748825,0.0
64,0.039440419524908066,0.0,0.04273013770580292,0.0
65,0.03956136107444763,0.0,0.042795177549123764,0.0
66,0.03953361511230469,0.0,0.04281044006347656,0.0
67,0.03942911699414253,0.0,0.04277234897017479,0.0
68,0.03943438082933426,0.0,0.04276963695883751,0.0
69,0.039452698081731796,0.0,0.04280810430645943,0.0
70,0.0393630713224411,0.0,0.0427875854074955,0.0
71,0.039438396692276,0.0,0.04276552051305771,0.0
72,0.039461880922317505,0.0,0.04276018962264061,0.0
73,0.03937268257141113,0.0,0.042800527065992355,0.0
74,0.03939763456583023,0.0,0.04274812340736389,0.0
75,0.03940069302916527,0.0,0.04272807016968727,0.0
76,0.039419692009687424,0.0,0.04279769957065582,0.0
77,0.03944021835923195,0.0,0.04276086762547493,0.0
78,0.039334941655397415,0.0,0.042725153267383575,0.0
79,0.039347752928733826,0.0,0.04279516637325287,0.0
80,0.03933435305953026,0.0,0.04274997115135193,0.0
81,0.03924495726823807,0.0,0.04266149923205376,0.0
82,0.039337288588285446,0.0,0.04274683818221092,0.0
83,0.03932812809944153,0.0,0.04276249185204506,0.0
84,0.03928142040967941,0.0,0.042766064405441284,0.0
85,0.039420805871486664,0.0,0.04272270202636719,0.0
86,0.03926984220743179,0.0,0.04275065287947655,0.0
87,0.039339207112789154,0.0,0.0427820160984993,0.0
88,0.03922617435455322,0.0,0.04275854676961899,0.0
89,0.039338454604148865,0.0,0.04273918271064758,0.0
90,0.03938701003789902,0.0,0.04262920841574669,0.0
91,0.03929496183991432,0.0,0.042618755251169205,0.0
92,0.03927772119641304,0.0,0.042680613696575165,0.0
93,0.03942003473639488,0.0,0.04268716275691986,0.0
94,0.039242930710315704,0.0,0.04266209155321121,0.0
95,0.039181020110845566,0.0,0.04267475754022598,0.0
96,0.03931191563606262,0.0,0.04266912117600441,0.0
97,0.039258550852537155,0.0,0.04277986288070679,0.0
98,0.039457354694604874,0.0,0.04271337017416954,0.0
99,0.03928042948246002,0.0,0.0427287220954895,0.0
100,0.03928835690021515,0.0,0.042695578187704086,0.0
101,0.03927711024880409,0.0,0.042698055505752563,0.0
102,0.039207134395837784,0.0,0.0427214540541172,0.0
103,0.039221882820129395,0.0,0.042745739221572876,0.0
104,0.03918804973363876,0.0,0.04265759885311127,0.0
105,0.03918960317969322,0.0,0.042610663920640945,0.0
106,0.03924838826060295,0.0,0.04257926717400551,0.0
107,0.039313748478889465,0.0,0.04267352074384689,0.0
108,0.03918423876166344,0.0,0.04263618215918541,0.0
109,0.03906196728348732,0.0,0.042738597840070724,0.0
110,0.03920996934175491,0.0,0.04273249953985214,0.0
111,0.039092715829610825,0.0,0.042765289545059204,0.0
112,0.03922310471534729,0.0,0.04273424670100212,0.0
113,0.03909091651439667,0.0,0.04269852489233017,0.0
114,0.03918278589844704,0.0,0.04270050302147865,0.0
115,0.03922582417726517,0.0,0.04278424754738808,0.0
116,0.03914777934551239,0.0,0.04265369847416878,0.0
117,0.03914274647831917,0.0,0.04272179678082466,0.0
118,0.0391739122569561,0.0,0.04269540309906006,0.0
119,0.03914135694503784,0.0,0.042680222541093826,0.0
120,0.03907720744609833,0.0,0.04268684238195419,0.0
121,0.039218902587890625,0.0,0.04270986467599869,0.0
122,0.03929804638028145,0.0,0.04270331561565399,0.0
123,0.039145369082689285,0.0,0.04261361062526703,0.0
124,0.03905225172638893,0.0,0.04261381924152374,0.0
125,0.03926406800746918,0.0,0.042627476155757904,0.0
126,0.03909454122185707,0.0,0.04257901757955551,0.0
127,0.03909548372030258,0.0,0.04259447008371353,0.0
128,0.03912929445505142,0.0,0.04255956411361694,0.0
129,0.039172880351543427,0.0,0.04261006414890289,0.0
130,0.03928009793162346,0.0,0.04263729229569435,0.0
131,0.03913543373346329,0.0,0.04262508824467659,0.0
132,0.03903668001294136,0.0,0.042543161660432816,0.0
133,0.03911532834172249,0.0,0.04264812916517258,0.0
134,0.039093341678380966,0.0,0.042634814977645874,0.0
135,0.0391337089240551,0.0,0.042526714503765106,0.0
136,0.03908208757638931,0.0,0.04258973151445389,0.0
137,0.03908943012356758,0.0,0.042686134576797485,0.0
138,0.03920760005712509,0.0,0.042635008692741394,0.0
139,0.039047710597515106,0.0,0.04262949153780937,0.0
140,0.03912615403532982,0.0,0.042577680200338364,0.0
141,0.039017632603645325,0.0,0.04261738061904907,0.0
142,0.03910968825221062,0.0,0.04254676401615143,0.0
143,0.03914725407958031,0.0,0.0425303690135479,0.0
144,0.03907836601138115,0.0,0.04250277951359749,0.0
145,0.0390891507267952,0.0,0.04269670695066452,0.0
146,0.039181020110845566,0.0,0.04264488443732262,0.0
147,0.039166610687971115,0.0,0.042685192078351974,0.0
148,0.0390615314245224,0.0,0.0426873080432415,0.0
149,0.03904051333665848,0.0,0.042721446603536606,0.0
150,0.03918392211198807,0.0,0.04260013997554779,0.0
151,0.03907167539000511,0.0,0.042592450976371765,0.0
152,0.03906460106372833,0.0,0.04270574077963829,0.0
153,0.039036206901073456,0.0,0.042755376547575,0.0
154,0.03903097286820412,0.0,0.04269443452358246,0.0
155,0.039031364023685455,0.0,0.04271460697054863,0.0
156,0.03898552805185318,0.0,0.042688824236392975,0.0
157,0.03907240182161331,0.0,0.042738139629364014,0.0
158,0.03909409046173096,0.0,0.04271702468395233,0.0
159,0.03909089416265488,0.0,0.04266810417175293,0.0
160,0.03904718905687332,0.0,0.04261981323361397,0.0
161,0.039010219275951385,0.0,0.04259316250681877,0.0
162,0.038977429270744324,0.0,0.04259936511516571,0.0
163,0.03921010345220566,0.0,0.042577166110277176,0.0
164,0.03898909315466881,0.0,0.04263315722346306,0.0
165,0.03901306539773941,0.0,0.04264608025550842,0.0
166,0.03892626613378525,0.0,0.04262414574623108,0.0
167,0.03898763656616211,0.0,0.04263398423790932,0.0
168,0.03893927112221718,0.0,0.042666416615247726,0.0
169,0.03897152841091156,0.0,0.042586810886859894,0.0
170,0.039094824343919754,0.0,0.0425758920609951,0.0
171,0.03898870572447777,0.0,0.04258718714118004,0.0
172,0.03907628357410431,0.0,0.042583003640174866,0.0
173,0.03901338204741478,0.0,0.04257318004965782,0.0
174,0.039014775305986404,0.0,0.042580630630254745,0.0
175,0.039074625819921494,0.0,0.04258890822529793,0.0
176,0.03910130634903908,0.0,0.04254791885614395,0.0
177,0.03893401846289635,0.0,0.042568836361169815,0.0
178,0.03897152096033096,0.0,0.04258405417203903,0.0
179,0.038944490253925323,0.0,0.042637575417757034,0.0
180,0.03910055384039879,0.0,0.04258289933204651,0.0
181,0.03903275355696678,0.0,0.042597051709890366,0.0
182,0.03903824836015701,0.0,0.04257258400321007,0.0
183,0.03903323784470558,0.0,0.04270832613110542,0.0
184,0.03897802531719208,0.0,0.04276879131793976,0.0
185,0.03899959474802017,0.0,0.04268868640065193,0.0
186,0.039108842611312866,0.0,0.042676206678152084,0.0
187,0.03898753225803375,0.0,0.04268869757652283,0.0
188,0.039007317274808884,0.0,0.042717088013887405,0.0
189,0.03897630423307419,0.0,0.042699724435806274,0.0
190,0.038948848843574524,0.0,0.04266267269849777,0.0
191,0.03894226253032684,0.0,0.04263543710112572,0.0
192,0.038951706141233444,0.0,0.0426412969827652,0.0
193,0.03886908292770386,0.0,0.042636603116989136,0.0
194,0.038963235914707184,0.0,0.04269972816109657,0.0
195,0.038978055119514465,0.0,0.042671069502830505,0.0
196,0.03900089114904404,0.0,0.042738910764455795,0.0
197,0.038929425179958344,0.0,0.042672205716371536,0.0
198,0.03896154835820198,0.0,0.042659059166908264,0.0
199,0.039030469954013824,0.0,0.04270625114440918,0.0
200,0.038867298513650894,0.0,0.042662106454372406,0.0
201,0.039099302142858505,0.0,0.04265034943819046,0.0
202,0.039042696356773376,0.0,0.04269876331090927,0.0
203,0.039071060717105865,0.0,0.04267684370279312,0.0
204,0.03895808756351471,0.0,0.042699214071035385,0.0
205,0.03908304125070572,0.0,0.042673803865909576,0.0
206,0.03901193290948868,0.0,0.04263528436422348,0.0
207,0.0388803705573082,0.0,0.04260198399424553,0.0
208,0.0389796607196331,0.0,0.04265483468770981,0.0
209,0.0389973521232605,0.0,0.04257073625922203,0.0
210,0.03900500759482384,0.0,0.04258638620376587,0.0
211,0.038853079080581665,0.0,0.04257844015955925,0.0
212,0.039011333137750626,0.0,0.04254966601729393,0.0
213,0.03889065608382225,0.0,0.04258802905678749,0.0
214,0.03887689486145973,0.0,0.042563650757074356,0.0
215,0.038898758590221405,0.0,0.04253816977143288,0.0
216,0.038952235132455826,0.0,0.042571332305669785,0.0
217,0.03892657160758972,0.0,0.042580001056194305,0.0
218,0.03887610509991646,0.0,0.04259922727942467,0.0
219,0.039017677307128906,0.0,0.042612191289663315,0.0
220,0.038990747183561325,0.0,0.04260608181357384,0.0
221,0.03890374302864075,0.0,0.042588721960783005,0.0
222,0.03899821639060974,0.0,0.042690880596637726,0.0
223,0.03890267387032509,0.0,0.04266735911369324,0.0
224,0.03892303630709648,0.0,0.04267362132668495,0.0
225,0.03882794827222824,0.0,0.0426192507147789,0.0
226,0.03890562057495117,0.0,0.0426122210919857,0.0
227,0.038965363055467606,0.0,0.04268680140376091,0.0
228,0.03896927088499069,0.0,0.042543333023786545,0.0
229,0.03890591487288475,0.0,0.04272555932402611,0.0
230,0.038812730461359024,0.0,0.0427437499165535,0.0
231,0.03898542746901512,0.0,0.042712073773145676,0.0
232,0.03888988122344017,0.0,0.042713966220617294,0.0
233,0.038922037929296494,0.0,0.042681023478507996,0.0
234,0.03911212086677551,0.0,0.04260323569178581,0.0
235,0.038941796869039536,0.0,0.042560823261737823,0.0
236,0.03886923938989639,0.0,0.042568836361169815,0.0
237,0.038883697241544724,0.0,0.04256783425807953,0.0
238,0.03895731270313263,0.0,0.04254539683461189,0.0
239,0.03890600427985191,0.0,0.0425967313349247,0.0
240,0.0388808511197567,0.0,0.04261031001806259,0.0
241,0.038947541266679764,0.0,0.042561937123537064,0.0
242,0.038858477026224136,0.0,0.04249001294374466,0.0
243,0.03888417035341263,0.0,0.042547259479761124,0.0
244,0.03899882733821869,0.0,0.042480044066905975,0.0
245,0.03892495483160019,0.0,0.04253319650888443,0.0
246,0.03878870978951454,0.0,0.04252258688211441,0.0
247,0.03886934369802475,0.0,0.04263089597225189,0.0
248,0.038957033306360245,0.0,0.04252883046865463,0.0
249,0.03904910013079643,0.0,0.042576368898153305,0.0
250,0.03885657340288162,0.0,0.04262271523475647,0.0
251,0.03882395848631859,0.0,0.04256932809948921,0.0
252,0.03877512738108635,0.0,0.042503103613853455,0.0
253,0.03888621926307678,0.0,0.04248616099357605,0.0
254,0.03894239291548729,0.0,0.04257096350193024,0.0
255,0.03881857171654701,0.0,0.04258567467331886,0.0
256,0.038750678300857544,0.0,0.042622026056051254,0.0
257,0.03885705769062042,0.0,0.042565274983644485,0.0
258,0.038814790546894073,0.0,0.042706381529569626,0.0
259,0.038888074457645416,0.0,0.04263516515493393,0.0
260,0.03887079283595085,0.0,0.04259425774216652,0.0
261,0.0389099046587944,0.0,0.04259773716330528,0.0
262,0.038975950330495834,0.0,0.04259562864899635,0.0
263,0.038915496319532394,0.0,0.042611319571733475,0.0
264,0.03885510191321373,0.0,0.04256485030055046,0.0
265,0.0389423705637455,0.0,0.04258204251527786,0.0
266,0.03891609609127045,0.0,0.04255671426653862,0.0
267,0.03889606148004532,0.0,0.042558468878269196,0.0
268,0.0389193557202816,0.0,0.04253068566322327,0.0
269,0.03885211795568466,0.0,0.042501889169216156,0.0
270,0.038812775164842606,0.0,0.042580023407936096,0.0
271,0.03887135162949562,0.0,0.0425700917840004,0.0
272,0.03878740593791008,0.0,0.042576756328344345,0.0
273,0.038812339305877686,0.0,0.042436257004737854,0.0
274,0.03877873718738556,0.0,0.04251702502369881,0.0
275,0.03890956938266754,0.0,0.04252106323838234,0.0
276,0.038825150579214096,0.0,0.04250802844762802,0.0
277,0.03882649168372154,0.0,0.042504068464040756,0.0
278,0.038915205746889114,0.0,0.04256943240761757,0.0
279,0.03894556686282158,0.0,0.04258710518479347,0.0
280,0.038765933364629745,0.0,0.04259451851248741,0.0
281,0.03880267217755318,0.0,0.04252178221940994,0.0
282,0.03878635913133621,0.0,0.04255460947751999,0.0
283,0.03890233859419823,0.0,0.0425841324031353,0.0
284,0.03865858539938927,0.0,0.042568180710077286,0.0
285,0.03889603167772293,0.0,0.04264065995812416,0.0
286,0.03884095698595047,0.0,0.04264121130108833,0.0
287,0.038782697170972824,0.0,0.04272205010056496,0.0
288,0.03881166875362396,0.0,0.042525067925453186,0.0
289,0.03884051367640495,0.0,0.04254072159528732,0.0
290,0.038924556225538254,0.0,0.042582955211400986,0.0
291,0.03886502981185913,0.0,0.04253637045621872,0.0
292,0.03888970613479614,0.0,0.042633675038814545,0.0
293,0.0389566533267498,0.0,0.04265785962343216,0.0
294,0.038836099207401276,0.0,0.04258114472031593,0.0
295,0.038850631564855576,0.0,0.04253218322992325,0.0
296,0.038728103041648865,0.0,0.04263024032115936,0.0
297,0.03881974145770073,0.0,0.04247453808784485,0.0
298,0.038781482726335526,0.0,0.04256359860301018,0.0
299,0.038814883679151535,0.0,0.04251512512564659,0.0
300,0.03881837800145149,0.0,0.04251657426357269,0.0
301,0.038830891251564026,0.0,0.04255727678537369,0.0
302,0.03885982185602188,0.0,0.04265911132097244,0.0
303,0.03886261209845543,0.0,0.0426299087703228,0.0
304,0.038826439529657364,0.0,0.04263323172926903,0.0
305,0.0388791486620903,0.0,0.04251427203416824,0.0
306,0.03885100781917572,0.0,0.04262222722172737,0.0
307,0.038810327649116516,0.0,0.042617108672857285,0.0
308,0.03870323300361633,0.0,0.042631037533283234,0.0
309,0.03882073611021042,0.0,0.04264377802610397,0.0
310,0.03878537565469742,0.0,0.042509667575359344,0.0
311,0.03878219425678253,0.0,0.04249304533004761,0.0
312,0.03882656991481781,0.0,0.042628996074199677,0.0
313,0.03892781585454941,0.0,0.042664069682359695,0.0
314,0.03884409740567207,0.0,0.04260212182998657,0.0
315,0.03888687491416931,0.0,0.04259905591607094,0.0
316,0.03880526125431061,0.0,0.04265514761209488,0.0
317,0.038890138268470764,0.0,0.0426536463201046,0.0
318,0.0387941375374794,0.0,0.04260042682290077,0.0
319,0.03871177136898041,0.0,0.042529553174972534,0.0
320,0.0387280136346817,0.0,0.04259323701262474,0.0
321,0.03880723938345909,0.0,0.042567718774080276,0.0
322,0.038774922490119934,0.0,0.04264058172702789,0.0
323,0.038748547434806824,0.0,0.042613498866558075,0.0
324,0.03893909603357315,0.0,0.04254184663295746,0.0
325,0.03888191655278206,0.0,0.04266705363988876,0.0
326,0.03867018222808838,0.0,0.04268699884414673,0.0
327,0.03883795812726021,0.0,0.04265722259879112,0.0
328,0.038788437843322754,0.0,0.042542703449726105,0.0
329,0.03871161490678787,0.0,0.0426502525806427,0.0
330,0.03889264166355133,0.0,0.042529623955488205,0.0
331,0.03878090903162956,0.0,0.04253285378217697,0.0
332,0.03884359449148178,0.0,0.042574454098939896,0.0
333,0.038824595510959625,0.0,0.04257691279053688,0.0
334,0.03883588686585426,0.0,0.04256048798561096,0.0
335,0.03876308351755142,0.0,0.042418669909238815,0.0
336,0.038793183863162994,0.0,0.04263726994395256,0.0
337,0.038769811391830444,0.0,0.0425788089632988,0.0
338,0.03885476663708687,0.0,0.04259125888347626,0.0
339,0.038877759128808975,0.0,0.042653825134038925,0.0
340,0.03870653361082077,0.0,0.04256759583950043,0.0
341,0.038937658071517944,0.0,0.042547181248664856,0.0
342,0.03883351385593414,0.0,0.042628832161426544,0.0
343,0.038799405097961426,0.0,0.042668674141168594,0.0
344,0.038797151297330856,0.0,0.04254021495580673,0.0
345,0.038813065737485886,0.0,0.042569320648908615,0.0
346,0.038748301565647125,0.0,0.042612284421920776,0.0
347,0.03865533694624901,0.0,0.04256201535463333,0.0
348,0.03881131485104561,0.0,0.042524613440036774,0.0
349,0.038917023688554764,0.0,0.04249361902475357,0.0
350,0.03888358175754547,0.0,0.04258442670106888,0.0
351,0.03882069140672684,0.0,0.042550187557935715,0.0
352,0.038742247968912125,0.0,0.04259110242128372,0.0
353,0.03885318711400032,0.0,0.042588796466588974,0.0
354,0.03876771032810211,0.0,0.04258314520120621,0.0
355,0.03880462795495987,0.0,0.04266069456934929,0.0
356,0.03887896612286568,0.0,0.042603492736816406,0.0
357,0.03885340690612793,0.0,0.04270603880286217,0.0
358,0.038759879767894745,0.0,0.04255536571145058,0.0
359,0.038711316883563995,0.0,0.0426379032433033,0.0
360,0.03876509889960289,0.0,0.0426696315407753,0.0
361,0.03882859647274017,0.0,0.04273058846592903,0.0
362,0.03872125223278999,0.0,0.0426105260848999,0.0
363,0.038770876824855804,0.0,0.042635250836610794,0.0
364,0.03873790428042412,0.0,0.042653895914554596,0.0
365,0.03885255753993988,0.0,0.04263113811612129,0.0
366,0.03882626071572304,0.0,0.04262348264455795,0.0
367,0.03880726918578148,0.0,0.04255753010511398,0.0
368,0.038798946887254715,0.0,0.04263995960354805,0.0
369,0.03877220302820206,0.0,0.04257166013121605,0.0
370,0.038704484701156616,0.0,0.042519379407167435,0.0
371,0.0387980155646801,0.0,0.04255780205130577,0.0
372,0.03884775936603546,0.0,0.04259674996137619,0.0
373,0.038753628730773926,0.0,0.04257911071181297,0.0
374,0.038823504000902176,0.0,0.04255354404449463,0.0
375,0.038758061826229095,0.0,0.04257499426603317,0.0
376,0.038805969059467316,0.0,0.04255922511219978,0.0
377,0.03878604620695114,0.0,0.042518727481365204,0.0
378,0.03875225409865379,0.0,0.04256341978907585,0.0
379,0.03870939835906029,0.0,0.04259664565324783,0.0
380,0.03878951817750931,0.0,0.042626723647117615,0.0
381,0.03876615688204765,0.0,0.042588695883750916,0.0
382,0.03873663768172264,0.0,0.04261007532477379,0.0
383,0.038695015013217926,0.0,0.042592450976371765,0.0
384,0.03879673033952713,0.0,0.04255210980772972,0.0
385,0.0387406051158905,0.0,0.042557936161756516,0.0
386,0.03874095901846886,0.0,0.042492303997278214,0.0
387,0.03875574842095375,0.0,0.04259078577160835,0.0
388,0.038764338940382004,0.0,0.042590588331222534,0.0
389,0.038673318922519684,0.0,0.042618490755558014,0.0
390,0.03874579817056656,0.0,0.042595889419317245,0.0
391,0.038713544607162476,0.0,0.04257859289646149,0.0
392,0.03882741183042526,0.0,0.04259796440601349,0.0
393,0.03884901478886604,0.0,0.042659807950258255,0.0
394,0.03869808092713356,0.0,0.04264915734529495,0.0
395,0.03867271542549133,0.0,0.042675744742155075,0.0
396,0.03872394189238548,0.0,0.04253866896033287,0.0
397,0.03878986835479736,0.0,0.04258349910378456,0.0
398,0.03866183012723923,0.0,0.042678505182266235,0.0
399,0.038870919495821,0.0,0.042592015117406845,0.0
400,0.03877117484807968,0.0,0.04257426783442497,0.0
401,0.03871942684054375,0.0,0.042487695813179016,0.0
402,0.03869741037487984,0.0,0.042593587189912796,0.0
403,0.038815807551145554,0.0,0.042617250233888626,0.0
404,0.038760602474212646,0.0,0.0425247997045517,0.0
405,0.03883558139204979,0.0,0.04256218299269676,0.0
406,0.03873173147439957,0.0,0.04244989901781082,0.0
407,0.0388118214905262,0.0,0.04250963777303696,0.0
408,0.03884710371494293,0.0,0.04252636805176735,0.0
409,0.03880627825856209,0.0,0.04254857823252678,0.0
410,0.03863949328660965,0.0,0.04251769185066223,0.0
411,0.03881346061825752,0.0,0.042495857924222946,0.0
412,0.038659967482089996,0.0,0.042521990835666656,0.0
413,0.03861900046467781,0.0,0.04255743697285652,0.0
0,0.038476165384054184,0.0,0.042298320680856705,0.0
1,0.038633640855550766,0.0,0.04249490797519684,0.0
2,0.03852148354053497,0.0,0.04240058362483978,0.0
3,0.03852967172861099,0.0,0.042588476091623306,0.0
4,0.03860994055867195,0.0,0.043066781014204025,0.0
5,0.03853224217891693,0.0,0.04245399311184883,0.0
6,0.03854702040553093,0.0,0.04290195554494858,0.0
7,0.03856510668992996,0.0,0.04285024106502533,0.0
8,0.038538627326488495,0.0,0.042750973254442215,0.0
9,0.038483791053295135,0.0,0.04220909997820854,0.0
10,0.0384090282022953,0.0,0.04238332062959671,0.0
11,0.03847187012434006,0.0,0.04236558824777603,0.0
12,0.038482025265693665,0.0,0.04233497381210327,0.0
13,0.038503944873809814,0.0,0.042455822229385376,0.0
14,0.03850959986448288,0.0,0.04254021495580673,0.0
15,0.03849848359823227,0.0,0.04262700304389,0.0
16,0.03833600506186485,0.0,0.04237189516425133,0.0
17,0.03855225071310997,0.0,0.04249149560928345,0.0
18,0.038476068526506424,0.0,0.042278047651052475,0.0
19,0.038530074059963226,0.0,0.04242388904094696,0.0
20,0.03852587938308716,0.0,0.042513396590948105,0.0
21,0.038426972925662994,0.0,0.04223879426717758,0.0
22,0.03830515220761299,0.0,0.042637407779693604,0.0
23,0.0384952574968338,0.0,0.04226530343294144,0.0
24,0.03843771666288376,0.0,0.04255824536085129,0.0
25,0.038347162306308746,0.0,0.042755089700222015,0.0
26,0.03851725161075592,0.0,0.04227297380566597,0.0
27,0.038339655846357346,0.0,0.04264704883098602,0.0
28,0.03834338113665581,0.0,0.04251650720834732,0.0
29,0.03837551549077034,0.0,0.04242653399705887,0.0
30,0.03847535699605942,0.0,0.042333006858825684,0.0
31,0.038449060171842575,0.0,0.0421522818505764,0.0
32,0.03834383562207222,0.0,0.04248248413205147,0.0
33,0.03827996179461479,0.0,0.042392298579216,0.0
34,0.03836977109313011,0.0,0.04243579879403114,0.0
35,0.0383218452334404,0.0,0.042183954268693924,0.0
36,0.03837522864341736,0.0,0.04225923866033554,0.0
37,0.038274846971035004,0.0,0.04215281456708908,0.0
38,0.038213469088077545,0.0,0.042481858283281326,0.0
39,0.038275107741355896,0.0,0.04245670512318611,0.0
40,0.03845106065273285,0.0,0.04238200932741165,0.0
41,0.038462650030851364,0.0,0.04258386045694351,0.0
42,0.03823802247643471,0.0,0.04233540967106819,0.0
43,0.038325730711221695,0.0,0.042545340955257416,0.0
44,0.03828893601894379,0.0,0.04247588664293289,0.0
45,0.0383199006319046,0.0,0.04256748408079147,0.0
46,0.038252849131822586,0.0,0.04243740439414978,0.0
47,0.03818681463599205,0.0,0.042673561722040176,0.0
48,0.03813963755965233,0.0,0.04216950759291649,0.0
49,0.03819255158305168,0.0,0.042267218232154846,0.0
50,0.03826778754591942,0.0,0.04211699217557907,0.0
51,0.03820189833641052,0.0,0.04246588423848152,0.0
52,0.03820124268531799,0.0,0.042354390025138855,0.0
53,0.03829558938741684,0.0,0.04225048050284386,0.0
54,0.038229215890169144,0.0,0.042532458901405334,0.0
55,0.03823485225439072,0.0,0.04195816069841385,0.0
56,0.03825932368636131,0.0,0.04238366708159447,0.0
57,0.03819740563631058,0.0,0.042629536241292953,0.0
58,0.03827640786767006,0.0,0.04235955700278282,0.0
59,0.03822077810764313,0.0,0.04242398962378502,0.0
60,0.03829486295580864,0.0,0.042874667793512344,0.0
61,0.038155447691679,0.0,0.04203100502490997,0.0
62,0.03818564862012863,0.0,0.0427275225520134,0.0
63,0.03816613182425499,0.0,0.04247666895389557,0.0
64,0.03831275925040245,0.0,0.04244416952133179,0.0
65,0.038085732609033585,0.0,0.042281314730644226,0.0
66,0.038204602897167206,0.0,0.04209348186850548,0.0
67,0.038056205958127975,0.0,0.04271769896149635,0.0
68,0.03820556774735451,0.0,0.04221058264374733,0.0
69,0.03815760463476181,0.0,0.042347200214862823,0.0
70,0.038241468369960785,0.0,0.04252474755048752,0.0
71,0.03836539387702942,0.0,0.042100418359041214,0.0
72,0.03821733221411705,0.0,0.04241090267896652,0.0
73,0.03819591552019119,0.0,0.04248977079987526,0.0
74,0.038266267627477646,0.0,0.04245525225996971,0.0
75,0.03824646770954132,0.0,0.04233762249350548,0.0
76,0.03822645545005798,0.0,0.042280007153749466,0.0
77,0.03825593367218971,0.0,0.04260968789458275,0.0
78,0.03815324604511261,0.0,0.04201527684926987,0.0
79,0.038074735552072525,0.0,0.04199045151472092,0.0
80,0.038181450217962265,0.0,0.04211460053920746,0.0
81,0.03813699632883072,0.0,0.042190875858068466,0.0
82,0.03824064880609512,0.0,0.042459990829229355,0.0
83,0.038035910576581955,0.0,0.04276323318481445,0.0
84,0.03804823383688927,0.0,0.0424041748046875,0.0
85,0.03810363635420799,0.0,0.042382512241601944,0.0
86,0.038234125822782516,0.0,0.04244297742843628,0.0
87,0.03808138146996498,0.0,0.042453158646821976,0.0
88,0.03813586011528969,0.0,0.04259973391890526,0.0
89,0.03812388703227043,0.0,0.0424279160797596,0.0
90,0.03813885897397995,0.0,0.04234384372830391,0.0
91,0.038097064942121506,0.0,0.04253881052136421,0.0
92,0.038109131157398224,0.0,0.04272184893488884,0.0
93,0.0381496399641037,0.0,0.04237034544348717,0.0
94,0.03810806944966316,0.0,0.0425461083650589,0.0
95,0.038098614662885666,0.0,0.04226228967308998,0.0
96,0.03816133737564087,0.0,0.042211540043354034,0.0
97,0.038140688091516495,0.0,0.042051784694194794,0.0
98,0.03807920217514038,0.0,0.04231126233935356,0.0
99,0.03807497397065163,0.0,0.04187244549393654,0.0
100,0.0379536896944046,0.0,0.042429305613040924,0.0
101,0.038129016757011414,0.0,0.042811498045921326,0.0
102,0.03810713812708855,0.0,0.042305879294872284,0.0
103,0.0380670502781868,0.0,0.04272971674799919,0.0
104,0.038085415959358215,0.0,0.041943538933992386,0.0
105,0.038208141922950745,0.0,0.04245152324438095,0.0
106,0.03806484490633011,0.0,0.04241427406668663,0.0
107,0.03802665323019028,0.0,0.04267588257789612,0.0
108,0.03801596537232399,0.0,0.04240754619240761,0.0
109,0.03805502504110336,0.0,0.04193568974733353,0.0
110,0.038032371550798416,0.0,0.042566873133182526,0.0
111,0.03808824345469475,0.0,0.04240303859114647,0.0
112,0.03812319412827492,0.0,0.042473144829273224,0.0
113,0.038063645362854004,0.0,0.042298827320337296,0.0
114,0.038053013384342194,0.0,0.04242170602083206,0.0
115,0.03805838152766228,0.0,0.04225650802254677,0.0
116,0.03808781877160072,0.0,0.04216282442212105,0.0
117,0.03815135359764099,0.0,0.04206540435552597,0.0
118,0.037980470806360245,0.0,0.042401909828186035,0.0
119,0.03802499175071716,0.0,0.04257728159427643,0.0
120,0.03803816810250282,0.0,0.042143337428569794,0.0
121,0.038091935217380524,0.0,0.04192228987812996,0.0
122,0.038061000406742096,0.0,0.04221454635262489,0.0
123,0.03813554719090462,0.0,0.04258149117231369,0.0
124,0.03797999769449234,0.0,0.0426965169608593,0.0
125,0.03811906650662422,0.0,0.0423906110227108,0.0
126,0.03811780363321304,0.0,0.04230528324842453,0.0
127,0.03800181299448013,0.0,0.0420326292514801,0.0
128,0.038026999682188034,0.0,0.04202290624380112,0.0
129,0.03801541402935982,0.0,0.042548034340143204,0.0
130,0.03801298514008522,0.0,0.0420125350356102,0.0
131,0.0379878506064415,0.0,0.04249893128871918,0.0
132,0.03804987296462059,0.0,0.04199325293302536,0.0
133,0.03804890066385269,0.0,0.042318787425756454,0.0
134,0.03801320120692253,0.0,0.0423615537583828,0.0
135,0.03790039196610451,0.0,0.041967619210481644,0.0
136,0.0379033237695694,0.0,0.04249453544616699,0.0
137,0.03812681511044502,0.0,0.04251541942358017,0.0
138,0.03799566999077797,0.0,0.04233688488602638,0.0
139,0.03801286593079567,0.0,0.04235151410102844,0.0
140,0.03814538195729256,0.0,0.04227330535650253,0.0
141,0.03801137953996658,0.0,0.0422264002263546,0.0
142,0.037920042872428894,0.0,0.042429592460393906,0.0
143,0.03809276595711708,0.0,0.04222354292869568,0.0
144,0.03804166242480278,0.0,0.04187779128551483,0.0
145,0.03797610104084015,0.0,0.042404476553201675,0.0
146,0.038045305758714676,0.0,0.04262732341885567,0.0
147,0.03786231204867363,0.0,0.04234762489795685,0.0
148,0.037983428686857224,0.0,0.04217935726046562,0.0
149,0.037973374128341675,0.0,0.04232371971011162,0.0
150,0.03791555017232895,0.0,0.04196523129940033,0.0
151,0.038014087826013565,0.0,0.042314086109399796,0.0
152,0.03793482854962349,0.0,0.04224025458097458,0.0
153,0.038015272468328476,0.0,0.04270191118121147,0.0
154,0.0379289835691452,0.0,0.042409639805555344,0.0
155,0.038042258471250534,0.0,0.042165033519268036,0.0
156,0.03800306096673012,0.0,0.041891105473041534,0.0
157,0.03800122067332268,0.0,0.0423668771982193,0.0
158,0.037896014750003815,0.0,0.04244332015514374,0.0
0,0.0491512194275856,0.0,0.04271339625120163,0.0
1,0.043664511293172836,0.0,0.03859597072005272,0.0
2,0.04323236644268036,0.0,0.03393261879682541,0.0
3,0.0430084653198719,0.0,0.03780514374375343,0.0
4,0.042513132095336914,0.0,0.03906554356217384,0.0
5,0.041277926415205,0.0,0.03813895955681801,0.0
6,0.041740741580724716,0.0,0.04342034086585045,0.0
7,0.040897857397794724,0.0,0.04218023270368576,0.0
8,0.04014517739415169,0.0,0.04644902050495148,0.0
9,0.039939843118190765,0.0,0.03714647889137268,0.0
10,0.0393129363656044,0.0,0.042374033480882645,0.0
11,0.03920227289199829,0.0,0.04152141511440277,0.0
12,0.03872383385896683,0.0,0.03393229469656944,0.0
13,0.037520356476306915,0.0,0.040192294865846634,0.0
14,0.0374877005815506,0.0,0.042346853762865067,0.0
15,0.037465427070856094,0.0,0.03557497635483742,0.0
16,0.03691145405173302,0.0,0.04150489345192909,0.0
17,0.03646275773644447,0.0,0.03548913449048996,0.0
18,0.036439452320337296,0.0,0.03908635675907135,0.0
19,0.035797420889139175,0.0,0.03300763666629791,0.0
20,0.035407934337854385,0.0,0.030055930837988853,0.0
21,0.03497777134180069,0.0,0.03672222048044205,0.0
22,0.03453041613101959,0.0,0.041508350521326065,0.0
23,0.035464152693748474,0.0,0.03736486658453941,0.0
24,0.03441499546170235,0.0,0.031724557280540466,0.0
25,0.03399244323372841,0.0,0.03290412202477455,0.0
26,0.0343722440302372,0.0,0.02982550859451294,0.0
27,0.03325716406106949,0.0,0.035509947687387466,0.0
28,0.033390991389751434,0.0,0.03674303740262985,0.0
29,0.03394823893904686,0.0,0.03338659927248955,0.0
30,0.03378933295607567,0.0,0.031060392037034035,0.0
31,0.032642994076013565,0.0,0.034208253026008606,0.0
32,0.032554831355810165,0.0,0.028671400621533394,0.0
33,0.032644279301166534,0.0,0.029817230999469757,0.0
34,0.032128218561410904,0.0,0.032391902059316635,0.0
35,0.033559124916791916,0.0,0.032894957810640335,0.0
36,0.03283468261361122,0.0,0.02974269911646843,0.0
37,0.03234589844942093,0.0,0.03013913333415985,0.0
38,0.03136080130934715,0.0,0.03023241087794304,0.0
39,0.03125924617052078,0.0,0.03009617328643799,0.0
40,0.03183771297335625,0.0,0.03447689116001129,0.0
41,0.03209510073065758,0.0,0.03245628625154495,0.0
42,0.03150549530982971,0.0,0.032500602304935455,0.0
43,0.032080452889204025,0.0,0.02836824394762516,0.0
0,0.028309356421232224,0.0,0.027848955243825912,0.0
1,0.027977919206023216,0.0,0.027588466182351112,0.0
2,0.027830902487039566,0.0,0.02760685607790947,0.0
3,0.02781197614967823,0.0,0.027568712830543518,0.0
4,0.0277498047798872,0.0,0.0276692733168602,0.0
5,0.027715535834431648,0.0,0.027340656146407127,0.0
6,0.02775280550122261,0.0,0.027546335011720657,0.0
7,0.027661029249429703,0.0,0.027384543791413307,0.0
8,0.027699105441570282,0.0,0.02768987976014614,0.0
9,0.02769455499947071,0.0,0.027340546250343323,0.0
10,0.02764328010380268,0.0,0.027365243062376976,0.0
11,0.027774358168244362,0.0,0.02738882042467594,0.0
12,0.027593882754445076,0.0,0.02733435668051243,0.0
13,0.027555787935853004,0.0,0.02739585004746914,0.0
14,0.027550984174013138,0.0,0.027464913204312325,0.0
15,0.027617737650871277,0.0,0.027283193543553352,0.0
16,0.027595333755016327,0.0,0.02744962088763714,0.0
17,0.027546267956495285,0.0,0.02725195698440075,0.0
18,0.027567019686102867,0.0,0.02724255993962288,0.0
19,0.027566857635974884,0.0,0.02722429297864437,0.0
20,0.02758241444826126,0.0,0.027249332517385483,0.0
21,0.027583571150898933,0.0,0.027343498542904854,0.0
0,0.028406810015439987,0.0,0.027347585186362267,0.0
1,0.02844187803566456,0.0,0.027370821684598923,0.0
0,0.028374850749969482,0.0,0.02709021233022213,0.0
1,0.028388457372784615,0.0,0.027161041274666786,0.0
2,0.028375042602419853,0.0,0.027120497077703476,0.0
3,0.02837284654378891,0.0,0.027160411700606346,0.0
4,0.028447385877370834,0.0,0.027107665315270424,0.0
5,0.028343070298433304,0.0,0.027106890454888344,0.0
6,0.02838137000799179,0.0,0.027101844549179077,0.0
7,0.028365517035126686,0.0,0.02710017003118992,0.0
0,0.02845468372106552,0.0,0.02697143517434597,0.0
1,0.028364071622490883,0.0,0.027241379022598267,0.0
2,0.028438445180654526,0.0,0.027302701026201248,0.0
3,0.028341777622699738,0.0,0.027149850502610207,0.0
4,0.028392190113663673,0.0,0.02717578038573265,0.0
5,0.028425272554159164,0.0,0.02729063294827938,0.0
6,0.02830224484205246,0.0,0.027165427803993225,0.0
7,0.028374958783388138,0.0,0.02724580653011799,0.0
8,0.028311902657151222,0.0,0.027039578184485435,0.0
9,0.02834354341030121,0.0,0.027250921353697777,0.0
10,0.028314432129263878,0.0,0.027155961841344833,0.0
11,0.028299745172262192,0.0,0.027135133743286133,0.0
12,0.028306983411312103,0.0,0.027364807203412056,0.0
13,0.028244491666555405,0.0,0.02740064077079296,0.0
14,0.028267430141568184,0.0,0.027324123308062553,0.0
15,0.02826724201440811,0.0,0.027363507077097893,0.0
16,0.028239652514457703,0.0,0.027148984372615814,0.0
17,0.0282057523727417,0.0,0.0273381769657135,0.0
18,0.028234906494617462,0.0,0.02734456956386566,0.0
19,0.02822941727936268,0.0,0.027168193832039833,0.0
20,0.02820517122745514,0.0,0.02702976204454899,0.0
21,0.02826370671391487,0.0,0.02709188684821129,0.0
22,0.028129421174526215,0.0,0.02701687254011631,0.0
23,0.02824421040713787,0.0,0.027092671021819115,0.0
24,0.028266698122024536,0.0,0.027003949508070946,0.0
25,0.028193358331918716,0.0,0.027175161987543106,0.0
26,0.02815590798854828,0.0,0.027128633111715317,0.0
27,0.028157653287053108,0.0,0.027123980224132538,0.0
28,0.028166456148028374,0.0,0.027309922501444817,0.0
29,0.028093310073018074,0.0,0.027115559205412865,0.0
30,0.028162453323602676,0.0,0.027247318997979164,0.0
31,0.028129566460847855,0.0,0.027157971635460854,0.0
0,0.027568146586418152,0.0,0.027245931327342987,0.0
1,0.02756914310157299,0.0,0.02731333114206791,0.0
2,0.02755240723490715,0.0,0.02717720717191696,0.0
3,0.027450576424598694,0.0,0.027284324169158936,0.0
4,0.027394546195864677,0.0,0.027141718193888664,0.0
5,0.027452774345874786,0.0,0.027143072336912155,0.0
6,0.027474114671349525,0.0,0.02733704447746277,0.0
7,0.027510367333889008,0.0,0.027257520705461502,0.0
0,0.028355930000543594,0.0,0.027331022545695305,0.0
1,0.028369519859552383,0.0,0.027292966842651367,0.0
2,0.028377413749694824,0.0,0.02719821408390999,0.0
3,0.02828630805015564,0.0,0.027038753032684326,0.0
4,0.028281820937991142,0.0,0.02709943614900112,0.0
5,0.028284696862101555,0.0,0.027084600180387497,0.0
6,0.028389135375618935,0.0,0.02712487243115902,0.0
7,0.02819633297622204,0.0,0.02723328396677971,0.0
8,0.028213022276759148,0.0,0.02718568593263626,0.0
9,0.028218600898981094,0.0,0.02703636884689331,0.0
10,0.028282204642891884,0.0,0.027222296223044395,0.0
11,0.02820638194680214,0.0,0.02723783627152443,0.0
12,0.028327686712145805,0.0,0.027127284556627274,0.0
13,0.028203245252370834,0.0,0.027091804891824722,0.0
14,0.028213048353791237,0.0,0.027249561622738838,0.0
15,0.02824113517999649,0.0,0.02702433429658413,0.0
16,0.02822714112699032,0.0,0.027134183794260025,0.0
17,0.02824295684695244,0.0,0.027238160371780396,0.0
18,0.02821105159819126,0.0,0.027138065546751022,0.0
19,0.02814335748553276,0.0,0.027139198035001755,0.0
20,0.028195790946483612,0.0,0.027056433260440826,0.0
21,0.02822260372340679,0.0,0.02714524231851101,0.0
22,0.02812965027987957,0.0,0.02704745903611183,0.0
23,0.028185728937387466,0.0,0.02707071602344513,0.0
24,0.02814214490354061,0.0,0.027080198749899864,0.0
25,0.028176652267575264,0.0,0.027241477742791176,0.0
26,0.0280902199447155,0.0,0.02714816853404045,0.0
27,0.028127402067184448,0.0,0.027085892856121063,0.0
0,0.027465835213661194,0.0,0.02713099680840969,0.0
1,0.02742023952305317,0.0,0.027399232611060143,0.0
2,0.027432557195425034,0.0,0.02711888775229454,0.0
3,0.027335872873663902,0.0,0.027207981795072556,0.0
4,0.02737971395254135,0.0,0.027224522083997726,0.0
5,0.027335643768310547,0.0,0.02706468291580677,0.0
6,0.027324050664901733,0.0,0.0270181093364954,0.0
7,0.027291111648082733,0.0,0.027085447683930397,0.0
8,0.02733130007982254,0.0,0.02739388309419155,0.0
9,0.027284396812319756,0.0,0.027202855795621872,0.0
10,0.027312643826007843,0.0,0.027190610766410828,0.0
11,0.027318688109517097,0.0,0.027197862043976784,0.0
12,0.027314329519867897,0.0,0.027112629264593124,0.0
13,0.02736198902130127,0.0,0.0272773876786232,0.0
14,0.027307307347655296,0.0,0.027025358751416206,0.0
15,0.027255157008767128,0.0,0.027202123776078224,0.0
16,0.02726265974342823,0.0,0.027169520035386086,0.0
17,0.027338653802871704,0.0,0.02732818014919758,0.0
18,0.0273122638463974,0.0,0.027180621400475502,0.0
19,0.027233365923166275,0.0,0.027333611622452736,0.0
20,0.02726529911160469,0.0,0.027153579518198967,0.0
21,0.027287818491458893,0.0,0.027110328897833824,0.0
22,0.027287034317851067,0.0,0.027201451361179352,0.0
23,0.027261612936854362,0.0,0.027136994525790215,0.0
24,0.02726675570011139,0.0,0.027196422219276428,0.0
25,0.027257675305008888,0.0,0.02707558684051037,0.0
26,0.02721557393670082,0.0,0.0272359699010849,0.0
27,0.027169113978743553,0.0,0.027185585349798203,0.0
28,0.0271907988935709,0.0,0.027048900723457336,0.0
29,0.027267340570688248,0.0,0.02712027169764042,0.0
30,0.02722654864192009,0.0,0.027087759226560593,0.0
31,0.027250494807958603,0.0,0.0270424522459507,0.0
0,0.02855449914932251,0.0,0.027017323300242424,0.0
1,0.02846369706094265,0.0,0.027198096737265587,0.0
2,0.028436994180083275,0.0,0.027205204591155052,0.0
3,0.02841939777135849,0.0,0.027399761602282524,0.0
4,0.028304273262619972,0.0,0.02709636092185974,0.0
5,0.028254209086298943,0.0,0.026880890130996704,0.0
6,0.028264522552490234,0.0,0.02748444862663746,0.0
7,0.028240198269486427,0.0,0.02725820802152157,0.0
8,0.028240719810128212,0.0,0.026707246899604797,0.0
9,0.02809966914355755,0.0,0.027998941019177437,0.0
10,0.028177708387374878,0.0,0.027072986587882042,0.0
11,0.028114350512623787,0.0,0.027333542704582214,0.0
12,0.028032606467604637,0.0,0.02732114866375923,0.0
13,0.028039315715432167,0.0,0.026873014867305756,0.0
14,0.027961894869804382,0.0,0.02702181786298752,0.0
15,0.027926938608288765,0.0,0.026730675250291824,0.0
16,0.027966290712356567,0.0,0.027292268350720406,0.0
17,0.027897119522094727,0.0,0.026989271864295006,0.0
18,0.02786760777235031,0.0,0.02683480642735958,0.0
19,0.027885885909199715,0.0,0.026882465928792953,0.0
20,0.02775898016989231,0.0,0.02677741087973118,0.0
21,0.027816204354166985,0.0,0.027213621884584427,0.0
22,0.02768140658736229,0.0,0.02682415395975113,0.0
23,0.027767784893512726,0.0,0.027282290160655975,0.0
24,0.027684733271598816,0.0,0.02698363922536373,0.0
25,0.027640681713819504,0.0,0.027606099843978882,0.0
26,0.027699675410985947,0.0,0.026758020743727684,0.0
27,0.027643408626317978,0.0,0.0268737580627203,0.0
28,0.027680935338139534,0.0,0.02763971872627735,0.0
29,0.027598543092608452,0.0,0.027422593906521797,0.0
30,0.027540678158402443,0.0,0.026757974177598953,0.0
31,0.02756054699420929,0.0,0.027004001662135124,0.0
32,0.027476035058498383,0.0,0.026714632287621498,0.0
33,0.0274797473102808,0.0,0.027052946388721466,0.0
34,0.027468621730804443,0.0,0.02690662443637848,0.0
35,0.02742454595863819,0.0,0.026966514065861702,0.0
36,0.027458220720291138,0.0,0.02683982625603676,0.0
37,0.027381181716918945,0.0,0.027129938825964928,0.0
38,0.027440683916211128,0.0,0.02689041756093502,0.0
39,0.027349229902029037,0.0,0.027661507949233055,0.0
40,0.02738579735159874,0.0,0.027082759886980057,0.0
41,0.027266057208180428,0.0,0.027041513472795486,0.0
42,0.027285732328891754,0.0,0.026649516075849533,0.0
43,0.02729329653084278,0.0,0.026856398209929466,0.0
44,0.027277600020170212,0.0,0.02654091641306877,0.0
45,0.027342377230525017,0.0,0.027481328696012497,0.0
46,0.027231285348534584,0.0,0.027037113904953003,0.0
47,0.02723454311490059,0.0,0.02688637189567089,0.0
48,0.02726840227842331,0.0,0.026782331988215446,0.0
49,0.027211381122469902,0.0,0.02694736421108246,0.0
50,0.027156110852956772,0.0,0.026473918929696083,0.0
51,0.027121400460600853,0.0,0.026947950944304466,0.0
52,0.027048643678426743,0.0,0.026943856850266457,0.0
53,0.02710488811135292,0.0,0.026413168758153915,0.0
54,0.02705397643148899,0.0,0.02712138555943966,0.0
55,0.02701970934867859,0.0,0.02686361037194729,0.0
56,0.02698102407157421,0.0,0.02651773765683174,0.0
57,0.02704976312816143,0.0,0.026610851287841797,0.0
58,0.027062805369496346,0.0,0.026690484955906868,0.0
59,0.026936592534184456,0.0,0.02670695260167122,0.0
60,0.02700553461909294,0.0,0.02743016928434372,0.0
61,0.026979567483067513,0.0,0.026768578216433525,0.0
62,0.026921724900603294,0.0,0.0266885869204998,0.0
63,0.026914900168776512,0.0,0.026704827323555946,0.0
64,0.026937181130051613,0.0,0.02648172341287136,0.0
65,0.026913676410913467,0.0,0.026791885495185852,0.0
66,0.026837948709726334,0.0,0.026429394260048866,0.0
67,0.02684461511671543,0.0,0.026842759922146797,0.0
68,0.02686215378344059,0.0,0.026661351323127747,0.0
69,0.026794979348778725,0.0,0.026701172813773155,0.0
70,0.026798395439982414,0.0,0.02688627876341343,0.0
71,0.02683265320956707,0.0,0.026658693328499794,0.0
72,0.02678363211452961,0.0,0.02643725834786892,0.0
73,0.02671337127685547,0.0,0.02703709527850151,0.0
74,0.026698853820562363,0.0,0.026933996006846428,0.0
75,0.026799172163009644,0.0,0.026796743273735046,0.0
76,0.026693986728787422,0.0,0.026874329894781113,0.0
77,0.026815781369805336,0.0,0.026768969371914864,0.0
78,0.026669057086110115,0.0,0.0261953454464674,0.0
79,0.02664628066122532,0.0,0.02761489897966385,0.0
80,0.02660275809466839,0.0,0.026655789464712143,0.0
81,0.026704436168074608,0.0,0.02689853496849537,0.0
82,0.026631873100996017,0.0,0.026505278423428535,0.0
83,0.026649516075849533,0.0,0.02647637575864792,0.0
84,0.026468606665730476,0.0,0.02666742168366909,0.0
85,0.02656376175582409,0.0,0.027062509208917618,0.0
86,0.026528023183345795,0.0,0.02703709341585636,0.0
87,0.02647024765610695,0.0,0.02660946361720562,0.0
88,0.02646545320749283,0.0,0.026223283261060715,0.0
89,0.02644531987607479,0.0,0.026404837146401405,0.0
90,0.02641214057803154,0.0,0.027036001905798912,0.0
91,0.026504850015044212,0.0,0.027034537866711617,0.0
92,0.02640370838344097,0.0,0.026653733104467392,0.0
93,0.026416322216391563,0.0,0.02623307891190052,0.0
94,0.02639663778245449,0.0,0.026471760123968124,0.0
95,0.02636590041220188,0.0,0.026556534692645073,0.0
96,0.02629353664815426,0.0,0.026523137465119362,0.0
97,0.02640831097960472,0.0,0.026308033615350723,0.0
98,0.02632366120815277,0.0,0.026433777064085007,0.0
99,0.02631508931517601,0.0,0.02660556323826313,0.0
100,0.02636485919356346,0.0,0.026226364076137543,0.0
101,0.02629913203418255,0.0,0.02660590037703514,0.0
102,0.02630656026303768,0.0,0.026657192036509514,0.0
103,0.02630765549838543,0.0,0.02623245306313038,0.0
104,0.026171550154685974,0.0,0.02619742788374424,0.0
105,0.026254303753376007,0.0,0.026696663349866867,0.0
106,0.026301978155970573,0.0,0.026514722034335136,0.0
107,0.026184359565377235,0.0,0.026889197528362274,0.0
108,0.026241112500429153,0.0,0.026059085503220558,0.0
109,0.026201991364359856,0.0,0.026503806933760643,0.0
110,0.026169000193476677,0.0,0.02644546516239643,0.0
111,0.026211224496364594,0.0,0.02637265808880329,0.0
112,0.02613658644258976,0.0,0.02673456072807312,0.0
113,0.026192061603069305,0.0,0.027031563222408295,0.0
114,0.026238443329930305,0.0,0.026500828564167023,0.0
115,0.026061277836561203,0.0,0.02644079178571701,0.0
116,0.026076046749949455,0.0,0.026046913117170334,0.0
117,0.026010040193796158,0.0,0.026280390098690987,0.0
118,0.02602820098400116,0.0,0.026126869022846222,0.0
119,0.026019176468253136,0.0,0.027181468904018402,0.0
120,0.026012880727648735,0.0,0.026169748976826668,0.0
121,0.02604159153997898,0.0,0.0267049428075552,0.0
122,0.02597188577055931,0.0,0.026384085416793823,0.0
123,0.025984065607190132,0.0,0.02621443197131157,0.0
124,0.025954049080610275,0.0,0.02635749615728855,0.0
125,0.025913503021001816,0.0,0.026133498176932335,0.0
126,0.025982866063714027,0.0,0.026462372392416,0.0
127,0.025983059778809547,0.0,0.0266085397452116,0.0
128,0.025863593444228172,0.0,0.026463747024536133,0.0
129,0.02594558335840702,0.0,0.026316039264202118,0.0
130,0.025934837758541107,0.0,0.026691850274801254,0.0
131,0.025831878185272217,0.0,0.026154248043894768,0.0
132,0.02577599324285984,0.0,0.02607574313879013,0.0
133,0.025858968496322632,0.0,0.02643168345093727,0.0
134,0.025775307789444923,0.0,0.026056217029690742,0.0
135,0.025801798328757286,0.0,0.026466229930520058,0.0
136,0.025865312665700912,0.0,0.0259381216019392,0.0
137,0.025717398151755333,0.0,0.02617032267153263,0.0
138,0.02578076906502247,0.0,0.026250677183270454,0.0
139,0.025732649490237236,0.0,0.026388878002762794,0.0
140,0.02573886513710022,0.0,0.02597149834036827,0.0
0,0.02575289085507393,0.0,0.02618585154414177,0.0
1,0.025663981214165688,0.0,0.026130862534046173,0.0
2,0.025694653391838074,0.0,0.026051709428429604,0.0
3,0.025631887838244438,0.0,0.02626333385705948,0.0
4,0.025689249858260155,0.0,0.02615145593881607,0.0
5,0.025623401626944542,0.0,0.025943951681256294,0.0
6,0.025664929300546646,0.0,0.025985289365053177,0.0
7,0.025547029450535774,0.0,0.02591109089553356,0.0
8,0.02563796378672123,0.0,0.026360677555203438,0.0
9,0.025604993104934692,0.0,0.02590222656726837,0.0
10,0.025600643828511238,0.0,0.026009397581219673,0.0
11,0.025513723492622375,0.0,0.026062272489070892,0.0
12,0.025485726073384285,0.0,0.026027509942650795,0.0
13,0.02550842985510826,0.0,0.02608323283493519,0.0
14,0.0254721287637949,0.0,0.026043003425002098,0.0
15,0.025554874911904335,0.0,0.026043247431516647,0.0
16,0.02548287622630596,0.0,0.02602418139576912,0.0
17,0.02548266388475895,0.0,0.0262855663895607,0.0
18,0.025484317913651466,0.0,0.02592814527451992,0.0
19,0.02548583596944809,0.0,0.025903601199388504,0.0
20,0.02548418752849102,0.0,0.02610580064356327,0.0
21,0.025511261075735092,0.0,0.026146166026592255,0.0
22,0.025455567985773087,0.0,0.02608012780547142,0.0
23,0.025440366938710213,0.0,0.0257636196911335,0.0
24,0.025467494502663612,0.0,0.026372790336608887,0.0
25,0.02537577971816063,0.0,0.026226064190268517,0.0
26,0.025414645671844482,0.0,0.025924308225512505,0.0
27,0.025413384661078453,0.0,0.026027819141745567,0.0
28,0.025332624092698097,0.0,0.02597058191895485,0.0
29,0.02539372816681862,0.0,0.02587966062128544,0.0
30,0.025426441803574562,0.0,0.026015499606728554,0.0
31,0.025359805673360825,0.0,0.025761695578694344,0.0
32,0.025372514501214027,0.0,0.025951461866497993,0.0
33,0.02534393034875393,0.0,0.026013655588030815,0.0
34,0.025387203320860863,0.0,0.02605319395661354,0.0
35,0.02534153312444687,0.0,0.026216622442007065,0.0
36,0.025369757786393166,0.0,0.02604295313358307,0.0
37,0.025314021855592728,0.0,0.026038924232125282,0.0
38,0.0253074262291193,0.0,0.026126885786652565,0.0
39,0.025354726240038872,0.0,0.02594228833913803,0.0
40,0.025285586714744568,0.0,0.026004403829574585,0.0
41,0.02532472461462021,0.0,0.025893427431583405,0.0
42,0.025316396728157997,0.0,0.025905398651957512,0.0
43,0.02533692494034767,0.0,0.026079680770635605,0.0
44,0.025294966995716095,0.0,0.025858484208583832,0.0
45,0.025205910205841064,0.0,0.025854282081127167,0.0
46,0.025276275351643562,0.0,0.025912495329976082,0.0
47,0.025236016139388084,0.0,0.025677435100078583,0.0
48,0.025278517976403236,0.0,0.02580362744629383,0.0
49,0.025251302868127823,0.0,0.025924736633896828,0.0
50,0.025252124294638634,0.0,0.025813808664679527,0.0
51,0.02523379772901535,0.0,0.02606162056326866,0.0
52,0.025258570909500122,0.0,0.025833889842033386,0.0
53,0.025203080847859383,0.0,0.025718415156006813,0.0
54,0.0252215676009655,0.0,0.02577650360763073,0.0
55,0.025176923722028732,0.0,0.02603520266711712,0.0
56,0.025212930515408516,0.0,0.025919239968061447,0.0
57,0.02516043931245804,0.0,0.02600506879389286,0.0
58,0.025203926488757133,0.0,0.026064202189445496,0.0
59,0.025204973295331,0.0,0.025929581373929977,0.0
60,0.025118956342339516,0.0,0.025998195633292198,0.0
61,0.025136101990938187,0.0,0.026073100045323372,0.0
62,0.025152459740638733,0.0,0.026043487712740898,0.0
63,0.02517201192677021,0.0,0.02590855583548546,0.0
64,0.025118505582213402,0.0,0.025995101779699326,0.0
65,0.025164134800434113,0.0,0.026104087010025978,0.0
66,0.025199254974722862,0.0,0.026137767359614372,0.0
67,0.025130093097686768,0.0,0.02592042274773121,0.0
68,0.025165533646941185,0.0,0.02597871981561184,0.0
69,0.025125762447714806,0.0,0.025738362222909927,0.0
70,0.025098899379372597,0.0,0.026026751846075058,0.0
71,0.025079144164919853,0.0,0.025990720838308334,0.0
72,0.02511572651565075,0.0,0.025944044813513756,0.0
73,0.02509906329214573,0.0,0.025936074554920197,0.0
74,0.02501997910439968,0.0,0.02586532011628151,0.0
75,0.025035448372364044,0.0,0.026049012318253517,0.0
76,0.02509216032922268,0.0,0.02593848668038845,0.0
77,0.02506239339709282,0.0,0.025952572003006935,0.0
78,0.02508528158068657,0.0,0.02564479410648346,0.0
79,0.025096384808421135,0.0,0.025832653045654297,0.0
80,0.025013629347085953,0.0,0.026233475655317307,0.0
81,0.025048289448022842,0.0,0.02593441866338253,0.0
82,0.02498744986951351,0.0,0.026094797998666763,0.0
83,0.025013206526637077,0.0,0.025834212079644203,0.0
84,0.02498059719800949,0.0,0.025936713442206383,0.0
85,0.024996163323521614,0.0,0.025943294167518616,0.0
86,0.025050591677427292,0.0,0.025718839839100838,0.0
87,0.024957144632935524,0.0,0.026048222556710243,0.0
88,0.025085752829909325,0.0,0.025929821655154228,0.0
89,0.02502121962606907,0.0,0.02606901340186596,0.0
90,0.024973565712571144,0.0,0.026043368503451347,0.0
91,0.02500280924141407,0.0,0.026176931336522102,0.0
92,0.02499045617878437,0.0,0.025960702449083328,0.0
93,0.02495093084871769,0.0,0.02601509727537632,0.0
94,0.02491637133061886,0.0,0.02631387859582901,0.0
95,0.024917040020227432,0.0,0.0259956493973732,0.0
96,0.024960564449429512,0.0,0.026066573336720467,0.0
97,0.02498604729771614,0.0,0.025879770517349243,0.0
98,0.024970965459942818,0.0,0.025982944294810295,0.0
99,0.024918515235185623,0.0,0.02614850550889969,0.0
100,0.02491297759115696,0.0,0.02613801322877407,0.0
101,0.02493269369006157,0.0,0.025997688993811607,0.0
102,0.024909943342208862,0.0,0.02597186528146267,0.0
103,0.024942265823483467,0.0,0.02594492956995964,0.0
104,0.0249608363956213,0.0,0.025945624336600304,0.0
105,0.02498302049934864,0.0,0.026309583336114883,0.0
106,0.024903390556573868,0.0,0.02605883963406086,0.0
107,0.02492084726691246,0.0,0.025794385001063347,0.0
108,0.024869605898857117,0.0,0.025965776294469833,0.0
109,0.024887170642614365,0.0,0.0259927399456501,0.0
110,0.02485542558133602,0.0,0.025881452485919,0.0
111,0.024837912991642952,0.0,0.026153482496738434,0.0
112,0.02486502379179001,0.0,0.025776846334338188,0.0
113,0.02484590746462345,0.0,0.025812337175011635,0.0
114,0.02490011416375637,0.0,0.02581104263663292,0.0
115,0.024889102205634117,0.0,0.025917354971170425,0.0
116,0.024871595203876495,0.0,0.025876447558403015,0.0
117,0.024840524420142174,0.0,0.025945696979761124,0.0
118,0.024834830313920975,0.0,0.026074634864926338,0.0
119,0.02482502907514572,0.0,0.0259990431368351,0.0
120,0.02482515014708042,0.0,0.0259186252951622,0.0
121,0.024796728044748306,0.0,0.0261376965790987,0.0
122,0.024868937209248543,0.0,0.02581946924328804,0.0
123,0.024786291643977165,0.0,0.026025310158729553,0.0
124,0.02476670779287815,0.0,0.025936102494597435,0.0
125,0.02478708140552044,0.0,0.026006927713751793,0.0
126,0.024782275781035423,0.0,0.025934891775250435,0.0
127,0.02476602979004383,0.0,0.025849277153611183,0.0
128,0.024783633649349213,0.0,0.02609935589134693,0.0
129,0.024849802255630493,0.0,0.026022791862487793,0.0
130,0.024809757247567177,0.0,0.025950022041797638,0.0
131,0.024750547483563423,0.0,0.026308901607990265,0.0
132,0.024813363328576088,0.0,0.025791117921471596,0.0
133,0.024724537506699562,0.0,0.02607564628124237,0.0
134,0.024752797558903694,0.0,0.02586580626666546,0.0
135,0.02470305748283863,0.0,0.026018362492322922,0.0
136,0.024748723953962326,0.0,0.02591521292924881,0.0
137,0.024738484993577003,0.0,0.025825468823313713,0.0
138,0.024667391553521156,0.0,0.025700466707348824,0.0
139,0.024707382544875145,0.0,0.026007691398262978,0.0
140,0.024700624868273735,0.0,0.025920191779732704,0.0
141,0.024731574580073357,0.0,0.025962388142943382,0.0
142,0.024786803871393204,0.0,0.026579560711979866,0.0
143,0.02466532029211521,0.0,0.025883223861455917,0.0
144,0.024696990847587585,0.0,0.025882288813591003,0.0
145,0.024689335376024246,0.0,0.0258994922041893,0.0
146,0.024673311039805412,0.0,0.025974946096539497,0.0
147,0.024656834080815315,0.0,0.025828996673226357,0.0
148,0.02474212646484375,0.0,0.025963598862290382,0.0
149,0.02467378042638302,0.0,0.02624511532485485,0.0
150,0.024668920785188675,0.0,0.025994671508669853,0.0
151,0.024678269401192665,0.0,0.02586105652153492,0.0
152,0.0246718842536211,0.0,0.025792809203267097,0.0
153,0.024673214182257652,0.0,0.025827376171946526,0.0
154,0.024648796766996384,0.0,0.025999929755926132,0.0
155,0.024604929611086845,0.0,0.02610039710998535,0.0
156,0.02465890906751156,0.0,0.025683749467134476,0.0
157,0.024617772549390793,0.0,0.025734109804034233,0.0
158,0.024643035605549812,0.0,0.025875773280858994,0.0
159,0.024621430784463882,0.0,0.02614543028175831,0.0
160,0.024635987356305122,0.0,0.026003332808613777,0.0
161,0.024666810408234596,0.0,0.02578020840883255,0.0
162,0.02462020143866539,0.0,0.025915509089827538,0.0
163,0.024579256772994995,0.0,0.02609865926206112,0.0
164,0.024588676169514656,0.0,0.02606380358338356,0.0
165,0.02465306781232357,0.0,0.02573709562420845,0.0
166,0.024574562907218933,0.0,0.02558140456676483,0.0
167,0.024608109146356583,0.0,0.025989079847931862,0.0
168,0.024594778195023537,0.0,0.026060940697789192,0.0
169,0.02457539364695549,0.0,0.02556871995329857,0.0
170,0.024588149040937424,0.0,0.025932980701327324,0.0
171,0.024591820314526558,0.0,0.026031985878944397,0.0
172,0.024537937715649605,0.0,0.02598447911441326,0.0
173,0.024551864713430405,0.0,0.025811882689595222,0.0
174,0.024541985243558884,0.0,0.02589813619852066,0.0
175,0.024497052654623985,0.0,0.025739124044775963,0.0
176,0.024548254907131195,0.0,0.02583990804851055,0.0
177,0.024558357894420624,0.0,0.025943821296095848,0.0
178,0.02450072020292282,0.0,0.02613765560090542,0.0
179,0.024520860984921455,0.0,0.025638246908783913,0.0
180,0.024580344557762146,0.0,0.026014236733317375,0.0
181,0.024560606107115746,0.0,0.026012949645519257,0.0
182,0.024544067680835724,0.0,0.025928424671292305,0.0
183,0.024518359452486038,0.0,0.025850685313344002,0.0
184,0.0245341993868351,0.0,0.025830617174506187,0.0
185,0.024553291499614716,0.0,0.025896446779370308,0.0
186,0.024493489414453506,0.0,0.02580944076180458,0.0
187,0.024457061663269997,0.0,0.02588961459696293,0.0
188,0.024494562298059464,0.0,0.026075737550854683,0.0
189,0.02449922449886799,0.0,0.025957200676202774,0.0
190,0.024493152275681496,0.0,0.025820130482316017,0.0
191,0.02446953020989895,0.0,0.025868013501167297,0.0
192,0.02446150965988636,0.0,0.02601896971464157,0.0
193,0.02443839982151985,0.0,0.02566051110625267,0.0
194,0.024463819339871407,0.0,0.02580825425684452,0.0
195,0.024401042610406876,0.0,0.02555752918124199,0.0
196,0.024477239698171616,0.0,0.02567419409751892,0.0
197,0.024501008912920952,0.0,0.025845104828476906,0.0
198,0.024417387321591377,0.0,0.02587011083960533,0.0
199,0.02442912757396698,0.0,0.025894513353705406,0.0
200,0.024433529004454613,0.0,0.025664320215582848,0.0
201,0.024502431973814964,0.0,0.02587309293448925,0.0
202,0.0244731605052948,0.0,0.025562725961208344,0.0
203,0.024409247562289238,0.0,0.025812381878495216,0.0
204,0.02444886788725853,0.0,0.025566833093762398,0.0
205,0.02433384396135807,0.0,0.02593756467103958,0.0
206,0.024418342858552933,0.0,0.025912325829267502,0.0
207,0.024415070191025734,0.0,0.025722717866301537,0.0
208,0.02438625507056713,0.0,0.02571471594274044,0.0
209,0.024399492889642715,0.0,0.02598920650780201,0.0
210,0.02437504753470421,0.0,0.025834163650870323,0.0
211,0.02436366304755211,0.0,0.025885678827762604,0.0
212,0.024394391104578972,0.0,0.02576633356511593,0.0
213,0.02431718446314335,0.0,0.025884781032800674,0.0
214,0.024384640157222748,0.0,0.025657344609498978,0.0
215,0.024376846849918365,0.0,0.025796964764595032,0.0
216,0.02440025843679905,0.0,0.025628961622714996,0.0
217,0.024366986006498337,0.0,0.025624776259064674,0.0
218,0.024295132607221603,0.0,0.025987105444073677,0.0
219,0.02427380159497261,0.0,0.02575731836259365,0.0
220,0.02431217022240162,0.0,0.02590843290090561,0.0
221,0.024408383294939995,0.0,0.025639502331614494,0.0
222,0.024388190358877182,0.0,0.025716735050082207,0.0
223,0.02429112233221531,0.0,0.025640275329351425,0.0
224,0.024274619296193123,0.0,0.025558441877365112,0.0
225,0.024333788082003593,0.0,0.02579784020781517,0.0
226,0.024307463318109512,0.0,0.026011232286691666,0.0
227,0.02432435192167759,0.0,0.02556092105805874,0.0
228,0.024286624044179916,0.0,0.025985151529312134,0.0
229,0.02433980070054531,0.0,0.025977566838264465,0.0
230,0.024277271702885628,0.0,0.025708021596074104,0.0
231,0.02427450753748417,0.0,0.025731831789016724,0.0
232,0.024241574108600616,0.0,0.02563752792775631,0.0
233,0.024273019284009933,0.0,0.0257347971200943,0.0
234,0.024279169738292694,0.0,0.02620665356516838,0.0
235,0.024245822802186012,0.0,0.02585885487496853,0.0
236,0.024261662736535072,0.0,0.025563081726431847,0.0
237,0.024332763627171516,0.0,0.02564084157347679,0.0
238,0.024277392774820328,0.0,0.025936629623174667,0.0
239,0.024241801351308823,0.0,0.025499874725937843,0.0
240,0.02426040545105934,0.0,0.025521747767925262,0.0
241,0.024153297767043114,0.0,0.025590214878320694,0.0
242,0.024200551211833954,0.0,0.02589472010731697,0.0
243,0.024187084287405014,0.0,0.02627914771437645,0.0
244,0.0242022518068552,0.0,0.02574240043759346,0.0
245,0.02428596094250679,0.0,0.025841226801276207,0.0
246,0.024217301979660988,0.0,0.025761745870113373,0.0
247,0.024192016571760178,0.0,0.02569212019443512,0.0
248,0.024214649572968483,0.0,0.025731191039085388,0.0
249,0.024210523813962936,0.0,0.02576872892677784,0.0
250,0.02422129362821579,0.0,0.025902288034558296,0.0
251,0.024188516661524773,0.0,0.025516945868730545,0.0
252,0.024193506687879562,0.0,0.025922102853655815,0.0
253,0.024209946393966675,0.0,0.025829752907156944,0.0
254,0.024129236117005348,0.0,0.025435104966163635,0.0
255,0.02415398880839348,0.0,0.025926215574145317,0.0
256,0.024176612496376038,0.0,0.025830144062638283,0.0
257,0.024203846231102943,0.0,0.02596392296254635,0.0
258,0.024155469611287117,0.0,0.025734001770615578,0.0
259,0.024186477065086365,0.0,0.025550954043865204,0.0
260,0.024133780971169472,0.0,0.025795787572860718,0.0
261,0.02417309395968914,0.0,0.02570957876741886,0.0
262,0.024134822189807892,0.0,0.025542207062244415,0.0
263,0.02418079599738121,0.0,0.02561620995402336,0.0
264,0.024126628413796425,0.0,0.025949977338314056,0.0
265,0.024184484034776688,0.0,0.025611484423279762,0.0
266,0.02408887818455696,0.0,0.02571875788271427,0.0
267,0.02412337251007557,0.0,0.02570006623864174,0.0
268,0.024135008454322815,0.0,0.025494620203971863,0.0
269,0.024108827114105225,0.0,0.02569943107664585,0.0
270,0.02413152903318405,0.0,0.02567181922495365,0.0
271,0.02410312555730343,0.0,0.02577400766313076,0.0
272,0.024116411805152893,0.0,0.025618813931941986,0.0
273,0.024092640727758408,0.0,0.02562270127236843,0.0
274,0.024127623066306114,0.0,0.02602606825530529,0.0
275,0.02411779761314392,0.0,0.025953587144613266,0.0
276,0.024067874997854233,0.0,0.02551380917429924,0.0
277,0.024086736142635345,0.0,0.025830725207924843,0.0
278,0.024100814014673233,0.0,0.025617869570851326,0.0
279,0.024052662774920464,0.0,0.025456393137574196,0.0
280,0.024051180109381676,0.0,0.025694001466035843,0.0
281,0.024101346731185913,0.0,0.025541281327605247,0.0
282,0.02403135970234871,0.0,0.02576039545238018,0.0
283,0.02406029775738716,0.0,0.02569705806672573,0.0
284,0.02408571168780327,0.0,0.02551516890525818,0.0
285,0.024062907323241234,0.0,0.025634685531258583,0.0
286,0.024036884307861328,0.0,0.025999238714575768,0.0
287,0.024098990485072136,0.0,0.02588542550802231,0.0
288,0.02404230274260044,0.0,0.025683114305138588,0.0
289,0.02408440038561821,0.0,0.025603000074625015,0.0
290,0.02405375801026821,0.0,0.02553059533238411,0.0
291,0.024049872532486916,0.0,0.025519631803035736,0.0
292,0.024038704112172127,0.0,0.025545597076416016,0.0
293,0.024080298840999603,0.0,0.025435149669647217,0.0
294,0.024036996066570282,0.0,0.025494413450360298,0.0
295,0.02406289055943489,0.0,0.025756454095244408,0.0
296,0.02405666932463646,0.0,0.02608456276357174,0.0
297,0.024022279307246208,0.0,0.02548346109688282,0.0
298,0.02408093772828579,0.0,0.02572915516793728,0.0
299,0.02402195893228054,0.0,0.025774110108613968,0.0
300,0.024025391787290573,0.0,0.025597376748919487,0.0
301,0.024017266929149628,0.0,0.02552689239382744,0.0
302,0.02406366728246212,0.0,0.02575969323515892,0.0
303,0.02400091104209423,0.0,0.02551725134253502,0.0
304,0.02397598698735237,0.0,0.025711840018630028,0.0
305,0.023970086127519608,0.0,0.02574653923511505,0.0
306,0.024004455655813217,0.0,0.025546472519636154,0.0
307,0.02397264540195465,0.0,0.025863710790872574,0.0
308,0.023930953815579414,0.0,0.025960609316825867,0.0
309,0.023928677663207054,0.0,0.025884756818413734,0.0
310,0.023928724229335785,0.0,0.025571979582309723,0.0
311,0.023957835510373116,0.0,0.025564057752490044,0.0
312,0.023913608863949776,0.0,0.025813763961195946,0.0
313,0.023919202387332916,0.0,0.02569626457989216,0.0
314,0.024022286757826805,0.0,0.025638125836849213,0.0
315,0.023895002901554108,0.0,0.02543138526380062,0.0
316,0.023899761959910393,0.0,0.025755086913704872,0.0
317,0.023969179019331932,0.0,0.025685179978609085,0.0
318,0.023916097357869148,0.0,0.02573378011584282,0.0
319,0.023961201310157776,0.0,0.025263939052820206,0.0
320,0.023985937237739563,0.0,0.025568388402462006,0.0
321,0.023906663060188293,0.0,0.025560230016708374,0.0
